0	0
4	628
8	2289
12	10909
16	15072
20	28205
24	75410
28	127548
32	248257
36	372326
40	593046
44	938252
48	1195023
52	1558310
56	1936762
60	2424240
64	3102913
68	3890409
72	4826413
76	6306038
80	8066951
84	11059043
88	15122231
92	20503756
96	27114370
100	36016875
104	46191334
108	55793218
112	65747835
116	75830684
120	84828142
124	92899856
128	100765414
132	112809228
136	127817468
140	147455958
144	171249958
148	198678286
152	223313810
156	242764936
160	256177609
164	262555907
168	258859537
172	253752378
176	251305012
180	258496987
184	273397977
188	293947510
192	316506976
196	336673177
200	350161528
204	362939174
208	383672847
212	420190792
216	477301838
220	562870595
224	671318509
228	787788598
232	898999940
236	999226588
240	1086118529
244	1156727900
248	1222266741
252	1321838757
256	1472453421
260	1676289346
264	1930474791
268	2202192897
272	2450199894
276	2623884442
280	2700528878
284	2702571247
288	2640819512
292	2561160138
296	2511783232
300	2539605304
304	2632907557
308	2753918859
312	2860071078
316	2901305374
320	2854289910
324	2729951737
328	2578476712
332	2454631241
336	2394215922
340	2408328233
344	2481494383
348	2576741123
352	2647621620
356	2662649490
360	2630643802
364	2573101601
368	2529835605
372	2535196215
376	2622287555
380	2779449435
384	2978826054
388	3158066475
392	3281023677
396	3316299285
400	3256323923
404	3140496010
408	3023561627
412	2939462334
416	2912069118
420	2936059244
424	2992570724
428	3045685455
432	3059884232
436	3040712519
440	2996790602
444	2969316090
448	2978445714
452	3048159410
456	3155300445
460	3273500816
464	3362982431
468	3388887722
472	3361835882
476	3299178305
480	3232887489
484	3206907505
488	3256547714
492	3369762112
496	3515811558
500	3652651605
504	3745973446
508	3792002917
512	3813217780
516	3862457782
520	3997713139
524	4246688309
528	4616593087
532	5062192788
536	5522815171
540	5935410199
544	6272967787
548	6537698350
552	6787774523
556	7115713648
560	7598894038
564	8299672539
568	9169624264
572	10132522973
576	11004762570
580	11635509963
584	11923004841
588	11884680737
592	11623086130
596	11311497403
600	11086204291
604	11056504382
608	11225487967
612	11492390676
616	11717963256
620	11763780258
624	11567102461
628	11156114289
632	10634107621
636	10164240427
640	9861246504
644	9788148644
648	9902467043
652	10098183823
656	10261250632
660	10295759633
664	10181911497
668	9974401237
672	9782517327
676	9715490162
680	9840504471
684	10146528099
688	10554089553
692	10941333053
696	11157546948
700	11124360376
704	10834533867
708	10349944514
712	9792368950
716	9280000503
720	8892657167
724	8654131347
728	8493712924
732	8347538545
736	8142767719
740	7832104353
744	7439115727
748	7013171793
752	6613798810
756	6292400697
760	6065675196
764	5908517135
768	5774784388
772	5619281141
776	5417811780
780	5174922489
784	4921206721
788	4689390785
792	4516940217
796	4411770583
800	4362152399
804	4339505352
808	4304731765
812	4253473210
816	4163727156
820	4066174568
824	3994015935
828	3960951826
832	3978412540
836	4041919153
840	4124679362
844	4198417114
848	4242628881
852	4257839554
856	4265969065
860	4282781766
864	4348427151
868	4480025590
872	4655116547
876	4848108935
880	5019406992
884	5133626249
888	5154261312
892	5091162870
896	4962062372
900	4802991556
904	4649625424
908	4522464751
912	4433968973
916	4373775429
920	4321760674
924	4271904215
928	4201149996
932	4123826436
936	4029171640
940	3954640313
944	3898771343
948	3887673446
952	3915190130
956	3990884949
960	4105123873
964	4238080056
968	4386206272
972	4523642861
976	4666013861
980	4806224044
984	4959535445
988	5126024007
992	5346952760
996	5621563762
1000	5947757743
1004	6316524437
1008	6683694479
1012	7006720416
1016	7233997102
1020	7344375734
1024	7337792796
1028	7237409903
1032	7111675895
1036	6990564689
1040	6941187605
1044	6938813463
1048	6981342328
1052	7010627086
1056	6998406963
1060	6895812449
1064	6720226933
1068	6497699151
1072	6278167462
1076	6118856717
1080	6028786914
1084	6022506227
1088	6064347611
1092	6110420047
1096	6134101894
1100	6116685127
1104	6064603932
1108	6023953270
1112	6023112692
1116	6097289250
1120	6244903878
1124	6434297587
1128	6629878700
1132	6775591976
1136	6823139096
1140	6773298510
1144	6642216525
1148	6473554549
1152	6302357271
1156	6177460061
1160	6104833898
1164	6076647575
1168	6059497475
1172	6034117132
1176	5987370158
1180	5924628554
1184	5873807650
1188	5841734954
1192	5861897654
1196	5919497885
1200	5992939900
1204	6057527219
1208	6075827670
1212	6044565034
1216	5975330127
1220	5895305830
1224	5841681238
1228	5837622186
1232	5886281132
1236	5977076720
1240	6081823772
1244	6167471866
1248	6224912617
1252	6273382452
1256	6326106141
1260	6425118969
1264	6601891544
1268	6862173025
1272	7194678286
1276	7552320624
1280	7901343286
1284	8207633664
1288	8467827849
1292	8713034335
1296	8988003769
1300	9339691938
1304	9788588812
1308	10310457248
1312	10862810300
1316	11352132202
1320	11690043800
1324	11831152440
1328	11769819584
1332	11537985517
1336	11215602694
1340	10897645228
1344	10639226348
1348	10462255815
1352	10329790696
1356	10223622789
1360	10057488596
1364	9800050157
1368	9461192272
1372	9082354692
1376	8722069255
1380	8424982948
1384	8229086986
1388	8121158342
1392	8072998590
1396	8035807079
1400	7972112809
1404	7861038678
1408	7705515772
1412	7542289266
1416	7408359218
1420	7331740516
1424	7316799404
1428	7332210112
1432	7340622407
1436	7294884505
1440	7161834278
1444	6931241643
1448	6618901435
1452	6266092649
1456	5911901785
1460	5590938639
1464	5314304747
1468	5075690181
1472	4867609467
1476	4661658974
1480	4452594800
1484	4237456352
1488	4020768524
1492	3828320725
1496	3661629169
1500	3522845827
1504	3406111294
1508	3301155468
1512	3194388056
1516	3073644592
1520	2942381932
1524	2806259890
1528	2678573832
1532	2567766915
1536	2476241008
1540	2405136369
1544	2343825536
1548	2293485418
1552	2242966223
1556	2188339583
1560	2145243695
1564	2103954003
1568	2077880014
1572	2069610922
1576	2076217445
1580	2089927755
1584	2100419564
1588	2103079582
1592	2096560961
1596	2082012793
1600	2071178402
1604	2064199385
1608	2064851580
1612	2076053563
1616	2089820488
1620	2093802460
1624	2079432328
1628	2044581155
1632	1982882214
1636	1904255046
1640	1812277234
1644	1719336382
1648	1630614495
1652	1550157630
1656	1480395726
1660	1419245238
1664	1362752385
1668	1306120786
1672	1252628391
1676	1200184858
1680	1155851840
1684	1121044744
1688	1094401154
1692	1079674362
1696	1068938979
1700	1064877920
1704	1061829236
1708	1057210613
1712	1051825343
1716	1044166309
1720	1036355370
1724	1026898960
1728	1018722896
1732	1015021336
1736	1013825534
1740	1009664656
1744	1006895260
1748	1002517196
1752	993843760
1756	972441644
1760	942447411
1764	909599773
1768	869484746
1772	826497071
1776	784618204
1780	746654200
1784	711463398
1788	680014014
1792	650321589
1796	623109323
1800	595907862
1804	568636278
1808	540857378
1812	516679844
1816	494259796
1820	475592592
1824	461877920
1828	449993899
1832	439039218
1836	430513211
1840	421065850
1844	412027219
1848	403944193
1852	398852400
1856	394467786
1860	393576105
1864	394485475
1868	397522716
1872	399960109
1876	401906114
1880	404411755
1884	405853410
1888	407844549
1892	410351675
1896	412917255
1900	416443671
1904	419336340
1908	421136239
1912	422104936
1916	425603964
1920	427212162
1924	430835456
1928	438568195
1932	446307388
1936	454519322
1940	462655506
1944	469434894
1948	475595679
1952	480723071
1956	488450894
1960	497611298
1964	511822663
1968	529904166
1972	551712147
1976	576291347
1980	602236914
1984	631990187
1988	662068593
1992	697493208
1996	738136863
2000	786543146
2004	839388478
2008	895517026
2012	954312501
2016	999890145
2020	1040047409
2024	1068734052
2028	1082661365
2032	1088703524
2036	1093787467
2040	1095062626
2044	1101438362
2048	1108922203
2052	1115276656
2056	1114207921
2060	1108599256
2064	1094925983
2068	1073260972
2072	1047257187
2076	1020847399
2080	1000195013
2084	987723101
2088	976999075
2092	971065701
2096	968789271
2100	964484183
2104	961414424
2108	959033259
2112	956430136
2116	962478872
2120	972154616
2124	986818275
2128	1000491414
2132	1013566111
2136	1018257270
2140	1016295547
2144	1006050162
2148	986740208
2152	970707230
2156	950081082
2160	932000819
2164	918157288
2168	907507950
2172	899576930
2176	891404627
2180	881548949
2184	873629139
2188	868571547
2192	864911965
2196	864876268
2200	863518296
2204	865333149
2208	866276388
2212	863950973
2216	860335309
2220	854693937
2224	849946396
2228	848602284
2232	849346763
2236	857069323
2240	864351706
2244	873929922
2248	884652723
2252	894152466
2256	908513804
2260	924678150
2264	946560814
2268	976485955
2272	1011707722
2276	1052122307
2280	1094138899
2284	1136504452
2288	1178743762
2292	1221237667
2296	1266717249
2300	1316023375
2304	1372318592
2308	1431094308
2312	1491269586
2316	1546448421
2320	1586738175
2324	1610631893
2328	1619798587
2332	1608161725
2336	1585454876
2340	1556189869
2344	1524275638
2348	1496400456
2352	1468244989
2356	1442875244
2360	1413544171
2364	1379768372
2368	1343860211
2372	1303439795
2376	1262110321
2380	1224025519
2384	1194806716
2388	1169742209
2392	1152866547
2396	1139167532
2400	1126649859
2404	1112848316
2408	1097410518
2412	1082555794
2416	1067818123
2420	1055487676
2424	1046787287
2428	1039645259
2432	1032109694
2436	1020023741
2440	1001400221
2444	976572212
2448	943245727
2452	902828886
2456	862063317
2460	818043150
2464	778487725
2468	738682109
2472	706025132
2476	674933903
2480	643579773
2484	613941234
2488	585298078
2492	559706050
2496	535112581
2500	512466734
2504	493147017
2508	475789437
2512	458506737
2516	441354650
2520	424012573
2524	408492561
2528	391429835
2532	375485797
2536	362670938
2540	350565736
2544	340773738
2548	331432367
2552	324660716
2556	318573888
2560	312894820
2564	309081327
2568	306447958
2572	305552240
2576	304446994
2580	307306672
2584	308555893
2588	311215320
2592	313769197
2596	316063072
2600	319261967
2604	321700689
2608	324567668
2612	329528621
2616	332905719
2620	336731403
2624	340424094
2628	341466395
2632	339623183
2636	336649074
2640	331069774
2644	325143013
2648	317809231
2652	309918219
2656	303792662
2660	296769284
2664	291099342
2668	287440886
2672	282868052
2676	280614280
2680	278099998
2684	276679913
2688	276681292
2692	279135649
2696	281604040
2700	285447728
2704	292349602
2708	299000180
2712	307013365
2716	315572968
2720	324028022
2724	332135014
2728	341968455
2732	351736206
2736	361911864
2740	374377360
2744	385166182
2748	395966403
2752	405858786
2756	413085223
2760	416892544
2764	417262238
2768	413765240
2772	409102934
2776	401382059
2780	391507337
2784	383581474
2788	375710331
2792	368997406
2796	360075948
2800	352003534
2804	342919552
2808	333052711
2812	322998340
2816	313723213
2820	306759192
2824	299558967
2828	293552024
2832	290501163
2836	285919853
2840	282795334
2844	280208867
2848	276360117
2852	273361928
2856	272121882
2860	269524403
2864	268749694
2868	268960137
2872	266679599
2876	264270352
2880	261033812
2884	256301752
2888	250125290
2892	243822491
2896	238105235
2900	232102338
2904	226979313
2908	222425022
2912	217857127
2916	213836063
2920	211559931
2924	209224994
2928	207286734
2932	205721581
2936	204666760
2940	203653092
2944	202620886
2948	201939027
2952	199605396
2956	196822290
2960	194205730
2964	191785166
2968	187941676
2972	185814952
2976	183827791
2980	182985896
2984	181702012
2988	181664029
2992	181007479
2996	181305200
3000	183027758
3004	183572112
3008	186103307
3012	188750063
3016	192163512
3020	196058461
3024	199565332
3028	201899292
3032	204926344
3036	207560557
3040	209838228
3044	211448844
3048	213067611
3052	214392811
3056	215007688
3060	214532886
3064	210745506
3068	207147984
3072	201579099
3076	194045676
3080	185617781
3084	177521158
3088	169413681
3092	160546961
3096	153719080
3100	145533754
3104	138804551
3108	132966211
3112	125386665
3116	119908835
3120	114780065
3124	110418189
3128	105763520
3132	102370888
3136	99017988
3140	95248383
3144	92492372
3148	89982100
3152	86836396
3156	83411109
3160	80652059
3164	77743990
3168	74350832
3172	71938842
3176	68891897
3180	65702535
3184	62410052
3188	59128198
3192	55889639
3196	52163236
3200	48762067
3204	45680071
3208	42486413
3212	39956301
3216	37453369
3220	35061097
3224	33411286
3228	31569969
3232	29891105
3236	28443349
3240	27327968
3244	26104381
3248	25318270
3252	23919020
3256	23062138
3260	22054870
3264	20946508
3268	19737367
3272	18656047
3276	17677992
3280	17096935
3284	15997505
3288	15580433
3292	14709315
3296	14371972
3300	14168287
3304	13715896
3308	13502482
3312	13281817
3316	13236493
3320	13049588
3324	13260254
3328	12897262
3332	12927255
3336	12787099
3340	12739497
3344	12276305
3348	12218895
3352	12109652
3356	11668385
3360	11487400
3364	11310275
3368	10758132
3372	10449926
3376	10111925
3380	9612049
3384	9201457
3388	8643687
3392	8149913
3396	7681674
3400	7403354
3404	6971907
3408	6633947
3412	6359758
3416	6188586
3420	5898353
3424	5757134
3428	5589492
3432	5603191
3436	5548993
3440	5420699
3444	5299812
3448	5384815
3452	5325200
3456	5310589
3460	5239078
3464	5301108
3468	5250858
3472	5153278
3476	5197642
3480	4992750
3484	5098996
3488	4833737
3492	4835527
3496	4652409
3500	4540762
3504	4467336
3508	4124551
3512	4069902
3516	3781469
3520	3678017
3524	3495755
3528	3165054
3532	3020785
3536	2807635
3540	2649606
3544	2474348
3548	2382524
3552	2236104
3556	2187549
3560	2013799
3564	1912631
3568	1888791
3572	1837745
3576	1845674
3580	1759432
3584	1700792
3588	1676769
3592	1668972
3596	1655044
3600	1638091
3604	1671011
3608	1676320
3612	1657908
3616	1651189
3620	1598272
3624	1711566
3628	1603018
3632	1655220
3636	1704390
3640	1673151
3644	1651912
3648	1661371
3652	1701909
3656	1640454
3660	1681692
3664	1627716
3668	1668256
3672	1667611
3676	1614446
3680	1637866
3684	1590514
3688	1603334
3692	1618592
3696	1660946
3700	1693668
3704	1682945
3708	1707378
3712	1748679
3716	1772850
3720	1849764
3724	1948886
3728	1906940
3732	1930304
3736	1864221
3740	2034610
3744	1995679
3748	2053026
3752	2117407
3756	2198554
3760	2128301
3764	2186687
3768	2064383
3772	2163790
3776	1986714
3780	1958533
3784	1925710
3788	1869782
3792	1839307
3796	1609509
3800	1645490
3804	1557266
3808	1547392
3812	1429903
3816	1430679
3820	1299256
3824	1300097
3828	1217335
3832	1200141
3836	1143413
3840	1112412
3844	1060784
3848	982559
3852	1086122
3856	1000441
3860	947834
3864	990051
3868	941027
3872	890892
3876	952774
3880	886470
3884	902197
3888	819450
3892	788288
3896	780048
3900	753725
3904	741532
3908	762814
3912	703177
3916	714777
3920	668023
3924	669866
3928	660825
3932	663644
3936	620569
3940	653357
3944	636795
3948	582852
3952	594996
3956	614466
3960	598583
3964	586769
3968	542621
3972	580195
3976	537492
3980	535109
3984	521274
3988	517506
3992	524316
3996	530202
4000	513299
4004	532174
4008	522132
4012	544980
4016	524060
4020	557450
4024	598187
4028	593581
4032	566159
4036	594469
4040	588118
4044	567444
4048	579744
4052	577009
4056	542346
4060	525879
4064	535683
4068	527454
4072	510434
4076	517978
4080	469298
4084	487404
4088	469660
4092	430557
4096	408836
4100	391968
4104	385192
4108	360316
4112	372064
4116	372738
4120	362890
4124	363143
4128	376743
4132	395485
4136	409130
4140	394947
4144	430190
4148	456852
4152	445070
4156	491439
4160	485802
4164	504185
4168	530696
4172	518316
4176	502835
4180	545885
4184	601399
4188	587974
4192	562172
4196	593454
4200	639609
4204	669416
4208	625876
4212	693622
4216	739301
4220	768470
4224	836439
4228	910341
4232	926374
4236	1002263
4240	1101752
4244	1151781
4248	1263294
4252	1364955
4256	1439621
4260	1531428
4264	1652205
4268	1728149
4272	1892767
4276	1911078
4280	1983040
4284	2068227
4288	2092231
4292	2066549
4296	2144971
4300	2280778
4304	2201453
4308	2222421
4312	2192194
4316	2235705
4320	2216677
4324	2117993
4328	2131921
4332	2094592
4336	2163228
4340	2090359
4344	2099005
4348	2086367
4352	2110082
4356	2151466
4360	2155721
4364	2080030
4368	2147767
4372	2108704
4376	2138180
4380	2302780
4384	2232211
4388	2230259
4392	2290868
4396	2317216
4400	2351687
4404	2288986
4408	2286291
4412	2244495
4416	2145684
4420	2202743
4424	2126037
4428	2137652
4432	2088817
4436	2070712
4440	2065790
4444	2107958
4448	2066612
4452	2018530
4456	2084928
4460	2126804
4464	2000007
4468	2037924
4472	2080459
4476	2022750
4480	2032007
4484	2073010
4488	2083810
4492	2060253
4496	2081906
4500	2175239
4504	2142842
4508	2156871
4512	2227800
4516	2197413
4520	2269382
4524	2404987
4528	2317138
4532	2515425
4536	2644933
4540	2687897
4544	2770278
4548	2915962
4552	2984040
4556	3207507
4560	3223924
4564	3479748
4568	3504529
4572	3642087
4576	3749314
4580	3702734
4584	3707370
4588	3831265
4592	3698533
4596	3723440
4600	3643177
4604	3607631
4608	3556210
4612	3401542
4616	3405031
4620	3317485
4624	3238782
4628	3226577
4632	3149384
4636	3047461
4640	3043584
4644	2891379
4648	2926342
4652	2780409
4656	2737825
4660	2722760
4664	2720548
4668	2722135
4672	2670102
4676	2650898
4680	2527849
4684	2557197
4688	2473146
4692	2478380
4696	2457232
4700	2278881
4704	2213219
4708	2214610
4712	2204506
4716	1999751
4720	1905325
4724	1884948
4728	1807872
4732	1700398
4736	1624277
4740	1558724
4744	1443001
4748	1401823
4752	1323446
4756	1317300
4760	1277769
4764	1232129
4768	1159551
4772	1124427
4776	1089291
4780	1041764
4784	966793
4788	906962
4792	907587
4796	914284
4800	835579
4804	828672
4808	823776
4812	760837
4816	778287
4820	762385
4824	746848
4828	772040
4832	765082
4836	768408
4840	712046
4844	791912
4848	801990
4852	723933
4856	732479
4860	785545
4864	778240
4868	791969
4872	783943
4876	813352
4880	792380
4884	797265
4888	858246
4892	812319
4896	778250
4900	797839
4904	739899
4908	763141
4912	726263
4916	727223
4920	693916
4924	749689
4928	714087
4932	696310
4936	678353
4940	671388
4944	668491
4948	668466
4952	646721
4956	698258
4960	705610
4964	709004
4968	729890
4972	744470
4976	822918
4980	759721
4984	777464
4988	816742
4992	848131
4996	875544
5000	853581
5004	911678
5008	941590
5012	984778
5016	970794
5020	1001139
5024	983401
5028	954724
5032	959609
5036	928333
5040	954184
5044	878995
5048	878278
5052	914424
5056	851345
5060	762382
5064	785652
5068	801033
5072	789486
5076	799675
5080	706270
5084	729333
5088	662672
5092	709478
5096	667056
5100	682124
5104	713374
5108	670154
5112	638451
5116	636431
5120	657440
5124	655128
5128	637521
5132	596458
5136	638565
5140	591100
5144	581300
5148	578369
5152	575697
5156	588876
5160	543504
5164	567799
5168	516536
5172	508820
5176	529064
5180	548674
5184	516791
5188	518845
5192	477563
5196	511677
5200	491041
5204	460518
5208	476420
5212	483466
5216	462674
5220	474713
5224	445079
5228	426008
5232	472854
5236	454695
5240	411724
5244	461770
5248	435924
5252	464917
5256	411368
5260	443351
5264	439796
5268	457831
5272	459666
5276	486650
5280	478062
5284	445074
5288	501227
5292	481730
5296	462844
5300	494807
5304	483590
5308	529949
5312	490223
5316	494941
5320	480699
5324	459929
5328	483777
5332	464962
5336	472860
5340	401536
5344	412503
5348	387864
5352	367044
5356	367974
5360	359300
5364	331898
5368	296167
5372	305905
5376	286610
5380	274711
5384	298738
5388	253795
5392	238783
5396	218605
5400	246370
5404	211843
5408	205080
5412	201480
5416	183674
5420	168302
5424	199011
5428	184408
5432	150007
5436	178983
5440	147372
5444	157197
5448	142086
5452	127430
5456	127788
5460	118920
5464	98128
5468	111271
5472	95612
5476	85971
5480	86162
5484	85565
5488	70463
5492	82869
5496	69090
5500	76529
5504	69341
5508	65712
5512	49583
5516	47042
5520	52819
5524	54235
5528	40238
5532	45551
5536	47280
5540	36298
5544	38359
5548	32459
5552	41575
5556	38737
5560	34378
5564	39742
5568	26608
5572	27085
5576	32793
5580	31239
5584	30469
5588	34802
5592	31236
5596	33434
5600	29325
5604	31522
5608	33713
5612	26426
5616	29924
5620	28762
5624	29698
5628	26215
5632	23984
5636	21060
5640	26529
5644	23975
5648	25375
5652	14265
5656	24104
5660	23179
5664	24951
5668	11227
5672	15195
5676	10601
5680	13693
5684	11264
5688	8733
5692	18279
5696	15724
5700	13056
5704	11988
5708	17235
5712	9417
5716	15626
5720	16576
5724	16564
5728	6242
5732	13421
5736	13581
5740	15848
5744	9857
5748	8954
5752	10508
5756	9615
5760	15238
5764	11763
5768	12074
5772	6842
5776	8517
5780	9623
5784	4731
5788	8256
5792	7179
5796	7097
5800	6163
5804	4823
5808	4883
5812	3366
5816	3238
5820	4858
5824	4657
5828	3575
5832	2622
5836	1758
5840	7777
5844	7383
5848	5567
5852	2837
5856	3654
5860	6474
5864	5629
5868	3651
5872	3730
5876	4260
5880	6328
5884	6315
5888	3382
5892	4482
5896	10699
5900	6103
5904	7748
5908	6123
5912	5749
5916	10018
5920	8937
5924	7208
5928	6502
5932	7610
5936	13041
5940	8665
5944	6327
5948	7775
5952	7155
5956	12489
5960	9323
5964	15931
5968	11522
5972	7399
5976	11255
5980	11796
5984	10693
5988	16523
5992	12865
5996	10825
6000	9142
6004	12433
6008	14136
6012	16984
6016	13794
6020	22413
6024	11936
6028	13328
6032	20066
6036	15536
6040	13551
6044	18193
6048	16159
6052	13653
6056	12400
6060	13377
6064	21013
6068	14602
6072	12853
6076	10747
6080	9799
6084	9140
6088	12870
6092	15512
6096	10985
6100	9769
6104	6922
6108	9914
6112	9768
6116	10072
6120	7741
6124	9169
6128	12663
6132	11636
6136	10773
6140	13440
6144	14096
6148	8165
6152	5120
6156	14894
6160	8676
6164	6115
6168	9571
6172	8088
6176	9634
6180	10455
6184	7693
6188	7310
6192	6118
6196	7054
6200	4068
6204	7552
6208	8775
6212	14246
6216	10470
6220	7451
6224	8842
6228	8139
6232	8757
6236	4845
6240	6586
6244	7134
6248	8372
6252	6588
6256	4260
6260	6244
6264	10838
6268	9329
6272	8342
6276	8822
6280	9858
6284	8391
6288	7433
6292	7781
6296	4834
6300	6724
6304	13148
6308	10789
6312	8767
6316	13505
6320	9210
6324	6227
6328	5861
6332	6436
6336	10541
6340	3868
6344	6982
6348	3586
6352	4050
6356	6212
6360	7866
6364	7354
6368	4500
6372	3636
6376	4920
6380	3909
6384	3962
6388	3210
6392	2430
6396	5125
6400	6295
6404	2457
6408	5063
6412	8594
6416	3523
6420	3220
6424	1534
6428	4613
6432	1266
6436	2423
6440	3241
6444	2988
6448	2388
6452	1636
6456	2873
6460	0
6464	2093
6468	4205
6472	2697
6476	1483
6480	0
6484	1595
6488	0
6492	1954
6496	781
6500	725
6504	1154
6508	1043
6512	872
6516	2349
6520	208
6524	0
6528	1054
6532	0
6536	0
6540	1515
6544	376
6548	0
6552	222
6556	0
6560	0
6564	275
6568	1512
6572	0
6576	1136
6580	0
6584	865
6588	1442
6592	467
6596	862
6600	1044
6604	462
6608	306
6612	0
6616	92
6620	2249
6624	0
6628	576
6632	482
6636	788
6640	809
6644	0
6648	1101
6652	1972
6656	1533
6660	0
6664	0
6668	805
6672	1112
6676	2233
6680	424
6684	290
6688	1491
6692	786
6696	889
6700	0
6704	990
6708	0
6712	950
6716	792
6720	941
6724	906
6728	1162
6732	0
6736	0
6740	0
6744	86
6748	0
6752	1318
6756	554
6760	953
6764	2775
6768	2080
6772	1497
6776	0
6780	549
6784	109
6788	0
6792	290
6796	406
6800	0
6804	377
6808	0
6812	0
6816	853
6820	933
6824	0
6828	1670
6832	0
6836	0
6840	0
6844	0
6848	0
6852	0
6856	0
6860	0
6864	457
6868	0
6872	0
6876	649
6880	0
6884	694
6888	0
6892	0
6896	0
6900	47
6904	0
6908	0
6912	0
6916	0
6920	0
6924	0
6928	0
6932	0
6936	0
6940	0
6944	0
6948	0
6952	752
6956	0
6960	0
6964	744
6968	0
6972	0
6976	0
6980	0
6984	0
6988	0
6992	0
6996	0
7000	0
7004	0
7008	0
7012	0
7016	0
7020	0
7024	0
7028	687
7032	0
7036	0
7040	0
7044	0
7048	0
7052	0
7056	0
7060	0
7064	0
7068	0
7072	273
7076	0
7080	0
7084	0
7088	0
7092	0
7096	0
7100	0
7104	0
7108	727
7112	0
7116	0
7120	0
7124	0
7128	0
7132	0
7136	0
7140	0
7144	0
7148	0
7152	0
7156	0
7160	0
7164	0
7168	0
7172	0
7176	0
7180	0
7184	0
7188	0
7192	0
7196	0
7200	0
7204	0
7208	0
7212	0
7216	0
7220	0
7224	0
7228	0
7232	0
7236	0
7240	0
7244	0
7248	0
7252	0
7256	0
7260	0
7264	0
7268	0
7272	0
7276	0
7280	0
7284	0
7288	0
7292	0
7296	0
7300	0
7304	0
7308	0
7312	0
7316	0
7320	0
7324	0
7328	0
7332	0
7336	0
7340	0
7344	0
7348	0
7352	0
7356	0
7360	0
7364	0
7368	0
7372	0
7376	0
7380	0
7384	0
7388	0
7392	0
7396	0
7400	0
7404	0
7408	0
7412	0
7416	0
7420	0
7424	0
7428	0
7432	0
7436	0
7440	0
7444	0
7448	0
7452	0
7456	0
7460	0
7464	0
7468	0
7472	0
7476	0
7480	0
7484	0
7488	0
7492	0
7496	0
7500	0
7504	0
7508	0
7512	0
7516	0
7520	0
7524	0
7528	0
7532	0
7536	0
7540	0
7544	0
7548	0
7552	0
7556	0
7560	0
7564	0
7568	0
7572	0
7576	0
7580	0
7584	0
7588	0
7592	0
7596	0
7600	0
7604	0
7608	0
7612	0
7616	0
7620	0
7624	0
7628	0
7632	0
7636	0
7640	0
7644	0
7648	0
7652	0
7656	0
7660	0
7664	0
7668	0
7672	0
7676	0
7680	0
7684	0
7688	0
7692	0
7696	0
7700	0
7704	0
7708	0
7712	0
7716	0
7720	0
7724	0
7728	0
7732	0
7736	0
7740	0
7744	0
7748	0
7752	0
7756	0
7760	0
7764	0
7768	0
7772	0
7776	0
7780	0
7784	0
7788	0
7792	0
7796	0
7800	0
7804	0
7808	0
7812	0
7816	0
7820	0
7824	0
7828	0
7832	0
7836	0
7840	0
7844	0
7848	0
7852	0
7856	0
7860	0
7864	0
7868	0
7872	0
7876	0
7880	0
7884	0
7888	0
7892	0
7896	0
7900	0
7904	0
7908	0
7912	0
7916	0
7920	0
7924	0
7928	0
7932	0
7936	0
7940	0
7944	0
7948	0
7952	0
7956	0
7960	0
7964	0
7968	0
7972	0
7976	0
7980	0
7984	0
7988	0
7992	0
7996	0
8000	0
8004	0
8008	0
8012	0
8016	0
8020	0
8024	0
8028	0
8032	0
8036	0
8040	0
8044	0
8048	0
8052	0
8056	0
8060	0
8064	0
8068	0
8072	0
8076	0
8080	0
8084	0
8088	0
8092	0
8096	0
8100	0
8104	0
8108	0
8112	0
8116	0
8120	0
8124	0
8128	0
8132	0
8136	0
8140	0
8144	0
8148	0
8152	0
8156	0
8160	0
8164	0
8168	0
8172	0
8176	0
8180	0
8184	0
8188	0
8192	0
8196	0
8200	0
8204	0
8208	0
8212	0
8216	0
8220	0
8224	0
8228	0
8232	0
8236	0
8240	0
8244	0
8248	0
8252	0
8256	0
8260	0
8264	0
8268	0
8272	0
8276	0
8280	0
8284	0
8288	0
8292	0
8296	0
8300	0
8304	0
8308	0
8312	0
8316	0
8320	0
8324	0
8328	0
8332	0
8336	0
8340	0
8344	0
8348	0
8352	0
8356	0
8360	0
8364	0
8368	0
8372	0
8376	0
8380	0
8384	0
8388	0
8392	0
8396	0
8400	0
8404	0
8408	0
8412	0
8416	0
8420	0
8424	0
8428	0
8432	0
8436	0
8440	0
8444	0
8448	0
8452	0
8456	0
8460	0
8464	0
8468	0
8472	0
8476	0
8480	0
8484	0
8488	0
8492	0
8496	0
8500	0
8504	0
8508	0
8512	0
8516	0
8520	0
8524	0
8528	0
8532	0
8536	0
8540	0
8544	0
8548	0
8552	0
8556	0
8560	0
8564	0
8568	0
8572	0
8576	0
8580	0
8584	0
8588	0
8592	0
8596	0
8600	0
8604	0
8608	0
8612	0
8616	0
8620	0
8624	0
8628	0
8632	0
8636	0
8640	0
8644	0
8648	0
8652	0
8656	0
8660	0
8664	0
8668	0
8672	0
8676	0
8680	0
8684	0
8688	0
8692	0
8696	0
8700	0
8704	0
8708	0
8712	0
8716	0
8720	0
8724	0
8728	0
8732	0
8736	0
8740	0
8744	0
8748	0
8752	0
8756	0
8760	0
8764	0
8768	0
8772	0
8776	0
8780	0
8784	0
8788	0
8792	0
8796	0
8800	0
8804	0
8808	0
8812	0
8816	0
8820	0
8824	0
8828	0
8832	0
8836	0
8840	0
8844	0
8848	0
8852	0
8856	0
8860	0
8864	0
8868	0
8872	0
8876	0
8880	0
8884	0
8888	0
8892	0
8896	0
8900	0
8904	0
8908	0
8912	0
8916	0
8920	0
8924	0
8928	0
8932	0
8936	0
8940	0
8944	0
8948	0
8952	0
8956	0
8960	0
8964	0
8968	0
8972	0
8976	0
8980	0
8984	0
8988	0
8992	0
8996	0
9000	0
9004	0
9008	0
9012	0
9016	0
9020	0
9024	0
9028	0
9032	0
9036	0
9040	0
9044	0
9048	0
9052	0
9056	0
9060	0
9064	0
9068	0
9072	0
9076	0
9080	0
9084	0
9088	0
9092	0
9096	0
9100	0
9104	0
9108	0
9112	0
9116	0
9120	0
9124	0
9128	0
9132	0
9136	0
9140	0
9144	0
9148	0
9152	0
9156	0
9160	0
9164	0
9168	0
9172	0
9176	0
9180	0
9184	0
9188	0
9192	0
9196	0
9200	0
9204	0
9208	0
9212	0
9216	0
9220	0
9224	0
9228	0
9232	0
9236	0
9240	0
9244	0
9248	0
9252	0
9256	0
9260	0
9264	0
9268	0
9272	0
9276	0
9280	0
9284	0
9288	0
9292	0
9296	0
9300	0
9304	0
9308	0
9312	0
9316	0
9320	0
9324	0
9328	0
9332	0
9336	0
9340	0
9344	0
9348	0
9352	0
9356	0
9360	0
9364	0
9368	0
9372	0
9376	0
9380	0
9384	0
9388	0
9392	0
9396	0
9400	0
9404	0
9408	0
9412	0
9416	0
9420	0
9424	0
9428	0
9432	0
9436	0
9440	0
9444	0
9448	0
9452	0
9456	0
9460	0
9464	0
9468	0
9472	0
9476	0
9480	0
9484	0
9488	0
9492	0
9496	0
9500	0
9504	0
9508	0
9512	0
9516	0
9520	0
9524	0
9528	0
9532	0
9536	0
9540	0
9544	0
9548	0
9552	0
9556	0
9560	0
9564	0
9568	0
9572	0
9576	0
9580	0
9584	0
9588	0
9592	0
9596	0
9600	0
9604	0
9608	0
9612	0
9616	0
9620	0
9624	0
9628	0
9632	0
9636	0
9640	0
9644	0
9648	0
9652	0
9656	0
9660	0
9664	0
9668	0
9672	0
9676	0
9680	0
9684	0
9688	0
9692	0
9696	0
9700	0
9704	0
9708	0
9712	0
9716	0
9720	0
9724	0
9728	0
9732	0
9736	0
9740	0
9744	0
9748	0
9752	0
9756	0
9760	0
9764	0
9768	0
9772	0
9776	0
9780	0
9784	0
9788	0
9792	0
9796	0
9800	0
9804	0
9808	0
9812	0
9816	0
9820	0
9824	0
9828	0
9832	0
9836	0
9840	0
9844	0
9848	0
9852	0
9856	0
9860	0
9864	0
9868	0
9872	0
9876	0
9880	0
9884	0
9888	0
9892	0
9896	0
9900	0
9904	0
9908	0
9912	0
9916	0
9920	0
9924	0
9928	0
9932	0
9936	0
9940	0
9944	0
9948	0
9952	0
9956	0
9960	0
9964	0
9968	0
9972	0
9976	0
9980	0
9984	0
9988	0
9992	0
9996	0
10000	0
10004	0
10008	0
10012	0
10016	0
10020	0
10024	0
10028	0
10032	0
10036	0
10040	0
10044	0
10048	0
10052	0
10056	0
10060	0
10064	0
10068	0
10072	0
10076	0
10080	0
10084	0
10088	0
10092	0
10096	0
10100	0
10104	0
10108	0
10112	0
10116	0
10120	0
10124	0
10128	0
10132	0
10136	0
10140	0
10144	0
10148	0
10152	0
10156	0
10160	0
10164	0
10168	0
10172	0
10176	0
10180	0
10184	0
10188	0
10192	0
10196	0
10200	0
10204	0
10208	0
10212	0
10216	0
10220	0
10224	0
10228	0
10232	0
10236	0
10240	0
10244	0
10248	0
10252	0
10256	0
10260	0
10264	0
10268	0
10272	0
10276	0
10280	0
10284	0
10288	0
10292	0
10296	0
10300	0
10304	0
10308	0
10312	0
10316	0
10320	0
10324	0
10328	0
10332	0
10336	0
10340	0
10344	0
10348	0
10352	0
10356	0
10360	0
10364	0
10368	0
10372	0
10376	0
10380	0
10384	0
10388	0
10392	0
10396	0
10400	0
10404	0
10408	0
10412	0
10416	0
10420	0
10424	0
10428	0
10432	0
10436	0
10440	0
10444	0
10448	0
10452	0
10456	0
10460	0
10464	0
10468	0
10472	0
10476	0
10480	0
10484	0
10488	0
10492	0
10496	0
10500	0
10504	0
10508	0
10512	0
10516	0
10520	0
10524	0
10528	0
10532	0
10536	0
10540	0
10544	0
10548	0
10552	0
10556	0
10560	0
10564	0
10568	0
10572	0
10576	0
10580	0
10584	0
10588	0
10592	0
10596	0
10600	0
10604	0
10608	0
10612	0
10616	0
10620	0
10624	0
10628	0
10632	0
10636	0
10640	0
10644	0
10648	0
10652	0
10656	0
10660	0
10664	0
10668	0
10672	0
10676	0
10680	0
10684	0
10688	0
10692	0
10696	0
10700	0
10704	0
10708	0
10712	0
10716	0
10720	0
10724	0
10728	0
10732	0
10736	0
10740	0
10744	0
10748	0
10752	0
10756	0
10760	0
10764	0
10768	0
10772	0
10776	0
10780	0
10784	0
10788	0
10792	0
10796	0
10800	0
10804	0
10808	0
10812	0
10816	0
10820	0
10824	0
10828	0
10832	0
10836	0
10840	0
10844	0
10848	0
10852	0
10856	0
10860	0
10864	0
10868	0
10872	0
10876	0
10880	0
10884	0
10888	0
10892	0
10896	0
10900	0
10904	0
10908	0
10912	0
10916	0
10920	0
10924	0
10928	0
10932	0
10936	0
10940	0
10944	0
10948	0
10952	0
10956	0
10960	0
10964	0
10968	0
10972	0
10976	0
10980	0
10984	0
10988	0
10992	0
10996	0
11000	0
11004	0
11008	0
11012	0
11016	0
11020	0
11024	0
11028	0
11032	0
11036	0
11040	0
11044	0
11048	0
11052	0
11056	0
11060	0
11064	0
11068	0
11072	0
11076	0
11080	0
11084	0
11088	0
11092	0
11096	0
11100	0
11104	0
11108	0
11112	0
11116	0
11120	0
11124	0
11128	0
11132	0
11136	0
11140	0
11144	0
11148	0
11152	0
11156	0
11160	0
11164	0
11168	0
11172	0
11176	0
11180	0
11184	0
11188	0
11192	0
11196	0
11200	0
11204	0
11208	0
11212	0
11216	0
11220	0
11224	0
11228	0
11232	0
11236	0
11240	0
11244	0
11248	0
11252	0
11256	0
11260	0
11264	0
11268	0
11272	0
11276	0
11280	0
11284	0
11288	0
11292	0
11296	0
11300	0
11304	0
11308	0
11312	0
11316	0
11320	0
11324	0
11328	0
11332	0
11336	0
11340	0
11344	0
11348	0
11352	0
11356	0
11360	0
11364	0
11368	0
11372	0
11376	0
11380	0
11384	0
11388	0
11392	0
11396	0
11400	0
11404	0
11408	0
11412	0
11416	0
11420	0
11424	0
11428	0
11432	0
11436	0
11440	0
11444	0
11448	0
11452	0
11456	0
11460	0
11464	0
11468	0
11472	0
11476	0
11480	0
11484	0
11488	0
11492	0
11496	0
11500	0
11504	0
11508	0
11512	0
11516	0
11520	0
11524	0
11528	0
11532	0
11536	0
11540	0
11544	0
11548	0
11552	0
11556	0
11560	0
11564	0
11568	0
11572	0
11576	0
11580	0
11584	0
11588	0
11592	0
11596	0
11600	0
11604	0
11608	0
11612	0
11616	0
11620	0
11624	0
11628	0
11632	0
11636	0
11640	0
11644	0
11648	0
11652	0
11656	0
11660	0
11664	0
11668	0
11672	0
11676	0
11680	0
11684	0
11688	0
11692	0
11696	0
11700	0
11704	0
11708	0
11712	0
11716	0
11720	0
11724	0
11728	0
11732	0
11736	0
11740	0
11744	0
11748	0
11752	0
11756	0
11760	0
11764	0
11768	0
11772	0
11776	0
11780	0
11784	0
11788	0
11792	0
11796	0
11800	0
11804	0
11808	0
11812	0
11816	0
11820	0
11824	0
11828	0
11832	0
11836	0
11840	0
11844	0
11848	0
11852	0
11856	0
11860	0
11864	0
11868	0
11872	0
11876	0
11880	0
11884	0
11888	0
11892	0
11896	0
11900	0
11904	0
11908	0
11912	0
11916	0
11920	0
11924	0
11928	0
11932	0
11936	0
11940	0
11944	0
11948	0
11952	0
11956	0
11960	0
11964	0
11968	0
11972	0
11976	0
11980	0
11984	0
11988	0
11992	0
11996	0
12000	0
12004	0
12008	0
12012	0
12016	0
12020	0
12024	0
12028	0
12032	0
12036	0
12040	0
12044	0
12048	0
12052	0
12056	0
12060	0
12064	0
12068	0
12072	0
12076	0
12080	0
12084	0
12088	0
12092	0
12096	0
12100	0
12104	0
12108	0
12112	0
12116	0
12120	0
12124	0
12128	0
12132	0
12136	0
12140	0
12144	0
12148	0
12152	0
12156	0
12160	0
12164	0
12168	0
12172	0
12176	0
12180	0
12184	0
12188	0
12192	0
12196	0
12200	0
12204	0
12208	0
12212	0
12216	0
12220	0
12224	0
12228	0
12232	0
12236	0
12240	0
12244	0
12248	0
12252	0
12256	0
12260	0
12264	0
12268	0
12272	0
12276	0
12280	0
12284	0
12288	0
12292	0
12296	0
12300	0
12304	0
12308	0
12312	0
12316	0
12320	0
12324	0
12328	0
12332	0
12336	0
12340	0
12344	0
12348	0
12352	0
12356	0
12360	0
12364	0
12368	0
12372	0
12376	0
12380	0
12384	0
12388	0
12392	0
12396	0
12400	0
12404	0
12408	0
12412	0
12416	0
12420	0
12424	0
12428	0
12432	0
12436	0
12440	0
12444	0
12448	0
12452	0
12456	0
12460	0
12464	0
12468	0
12472	0
12476	0
12480	0
12484	0
12488	0
12492	0
12496	0
12500	0
12504	0
12508	0
12512	0
12516	0
12520	0
12524	0
12528	0
12532	0
12536	0
12540	0
12544	0
12548	0
12552	0
12556	0
12560	0
12564	0
12568	0
12572	0
12576	0
12580	0
12584	0
12588	0
12592	0
12596	0
12600	0
12604	0
12608	0
12612	0
12616	0
12620	0
12624	0
12628	0
12632	0
12636	0
12640	0
12644	0
12648	0
12652	0
12656	0
12660	0
12664	0
12668	0
12672	0
12676	0
12680	0
12684	0
12688	0
12692	0
12696	0
12700	0
12704	0
12708	0
12712	0
12716	0
12720	0
12724	0
12728	0
12732	0
12736	0
12740	0
12744	0
12748	0
12752	0
12756	0
12760	0
12764	0
12768	0
12772	0
12776	0
12780	0
12784	0
12788	0
12792	0
12796	0
12800	0
12804	0
12808	0
12812	0
12816	0
12820	0
12824	0
12828	0
12832	0
12836	0
12840	0
12844	0
12848	0
12852	0
12856	0
12860	0
12864	0
12868	0
12872	0
12876	0
12880	0
12884	0
12888	0
12892	0
12896	0
12900	0
12904	0
12908	0
12912	0
12916	0
12920	0
12924	0
12928	0
12932	0
12936	0
12940	0
12944	0
12948	0
12952	0
12956	0
12960	0
12964	0
12968	0
12972	0
12976	0
12980	0
12984	0
12988	0
12992	0
12996	0
13000	0
13004	0
13008	0
13012	0
13016	0
13020	0
13024	0
13028	0
13032	0
13036	0
13040	0
13044	0
13048	0
13052	0
13056	0
13060	0
13064	0
13068	0
13072	0
13076	0
13080	0
13084	0
13088	0
13092	0
13096	0
13100	0
13104	0
13108	0
13112	0
13116	0
13120	0
13124	0
13128	0
13132	0
13136	0
13140	0
13144	0
13148	0
13152	0
13156	0
13160	0
13164	0
13168	0
13172	0
13176	0
13180	0
13184	0
13188	0
13192	0
13196	0
13200	0
13204	0
13208	0
13212	0
13216	0
13220	0
13224	0
13228	0
13232	0
13236	0
13240	0
13244	0
13248	0
13252	0
13256	0
13260	0
13264	0
13268	0
13272	0
13276	0
13280	0
13284	0
13288	0
13292	0
13296	0
13300	0
13304	0
13308	0
13312	0
13316	0
13320	0
13324	0
13328	0
13332	0
13336	0
13340	0
13344	0
13348	0
13352	0
13356	0
13360	0
13364	0
13368	0
13372	0
13376	0
13380	0
13384	0
13388	0
13392	0
13396	0
13400	0
13404	0
13408	0
13412	0
13416	0
13420	0
13424	0
13428	0
13432	0
13436	0
13440	0
13444	0
13448	0
13452	0
13456	0
13460	0
13464	0
13468	0
13472	0
13476	0
13480	0
13484	0
13488	0
13492	0
13496	0
13500	0
13504	0
13508	0
13512	0
13516	0
13520	0
13524	0
13528	0
13532	0
13536	0
13540	0
13544	0
13548	0
13552	0
13556	0
13560	0
13564	0
13568	0
13572	0
13576	0
13580	0
13584	0
13588	0
13592	0
13596	0
13600	0
13604	0
13608	0
13612	0
13616	0
13620	0
13624	0
13628	0
13632	0
13636	0
13640	0
13644	0
13648	0
13652	0
13656	0
13660	0
13664	0
13668	0
13672	0
13676	0
13680	0
13684	0
13688	0
13692	0
13696	0
13700	0
13704	0
13708	0
13712	0
13716	0
13720	0
13724	0
13728	0
13732	0
13736	0
13740	0
13744	0
13748	0
13752	0
13756	0
13760	0
13764	0
13768	0
13772	0
13776	0
13780	0
13784	0
13788	0
13792	0
13796	0
13800	0
13804	0
13808	0
13812	0
13816	0
13820	0
13824	0
13828	0
13832	0
13836	0
13840	0
13844	0
13848	0
13852	0
13856	0
13860	0
13864	0
13868	0
13872	0
13876	0
13880	0
13884	0
13888	0
13892	0
13896	0
13900	0
13904	0
13908	0
13912	0
13916	0
13920	0
13924	0
13928	0
13932	0
13936	0
13940	0
13944	0
13948	0
13952	0
13956	0
13960	0
13964	0
13968	0
13972	0
13976	0
13980	0
13984	0
13988	0
13992	0
13996	0
14000	0
14004	0
14008	0
14012	0
14016	0
14020	0
14024	0
14028	0
14032	0
14036	0
14040	0
14044	0
14048	0
14052	0
14056	0
14060	0
14064	0
14068	0
14072	0
14076	0
14080	0
14084	0
14088	0
14092	0
14096	0
14100	0
14104	0
14108	0
14112	0
14116	0
14120	0
14124	0
14128	0
14132	0
14136	0
14140	0
14144	0
14148	0
14152	0
14156	0
14160	0
14164	0
14168	0
14172	0
14176	0
14180	0
14184	0
14188	0
14192	0
14196	0
14200	0
14204	0
14208	0
14212	0
14216	0
14220	0
14224	0
14228	0
14232	0
14236	0
14240	0
14244	0
14248	0
14252	0
14256	0
14260	0
14264	0
14268	0
14272	0
14276	0
14280	0
14284	0
14288	0
14292	0
14296	0
14300	0
14304	0
14308	0
14312	0
14316	0
14320	0
14324	0
14328	0
14332	0
14336	0
14340	0
14344	0
14348	0
14352	0
14356	0
14360	0
14364	0
14368	0
14372	0
14376	0
14380	0
14384	0
14388	0
14392	0
14396	0
14400	0
14404	0
14408	0
14412	0
14416	0
14420	0
14424	0
14428	0
14432	0
14436	0
14440	0
14444	0
14448	0
14452	0
14456	0
14460	0
14464	0
14468	0
14472	0
14476	0
14480	0
14484	0
14488	0
14492	0
14496	0
14500	0
14504	0
14508	0
14512	0
14516	0
14520	0
14524	0
14528	0
14532	0
14536	0
14540	0
14544	0
14548	0
14552	0
14556	0
14560	0
14564	0
14568	0
14572	0
14576	0
14580	0
14584	0
14588	0
14592	0
14596	0
14600	0
14604	0
14608	0
14612	0
14616	0
14620	0
14624	0
14628	0
14632	0
14636	0
14640	0
14644	0
14648	0
14652	0
14656	0
14660	0
14664	0
14668	0
14672	0
14676	0
14680	0
14684	0
14688	0
14692	0
14696	0
14700	0
14704	0
14708	0
14712	0
14716	0
14720	0
14724	0
14728	0
14732	0
14736	0
14740	0
14744	0
14748	0
14752	0
14756	0
14760	0
14764	0
14768	0
14772	0
14776	0
14780	0
14784	0
14788	0
14792	0
14796	0
14800	0
14804	0
14808	0
14812	0
14816	0
14820	0
14824	0
14828	0
14832	0
14836	0
14840	0
14844	0
14848	0
14852	0
14856	0
14860	0
14864	0
14868	0
14872	0
14876	0
14880	0
14884	0
14888	0
14892	0
14896	0
14900	0
14904	0
14908	0
14912	0
14916	0
14920	0
14924	0
14928	0
14932	0
14936	0
14940	0
14944	0
14948	0
14952	0
14956	0
14960	0
14964	0
14968	0
14972	0
14976	0
14980	0
14984	0
14988	0
14992	0
14996	0
15000	0
15004	0
15008	0
15012	0
15016	0
15020	0
15024	0
15028	0
15032	0
15036	0
15040	0
15044	0
15048	0
15052	0
15056	0
15060	0
15064	0
15068	0
15072	0
15076	0
15080	0
15084	0
15088	0
15092	0
15096	0
15100	0
15104	0
15108	0
15112	0
15116	0
15120	0
15124	0
15128	0
15132	0
15136	0
15140	0
15144	0
15148	0
15152	0
15156	0
15160	0
15164	0
15168	0
15172	0
15176	0
15180	0
15184	0
15188	0
15192	0
15196	0
15200	0
15204	0
15208	0
15212	0
15216	0
15220	0
15224	0
15228	0
15232	0
15236	0
15240	0
15244	0
15248	0
15252	0
15256	0
15260	0
15264	0
15268	0
15272	0
15276	0
15280	0
15284	0
15288	0
15292	0
15296	0
15300	0
15304	0
15308	0
15312	0
15316	0
15320	0
15324	0
15328	0
15332	0
15336	0
15340	0
15344	0
15348	0
15352	0
15356	0
15360	0
15364	0
15368	0
15372	0
15376	0
15380	0
15384	0
15388	0
15392	0
15396	0
15400	0
15404	0
15408	0
15412	0
15416	0
15420	0
15424	0
15428	0
15432	0
15436	0
15440	0
15444	0
15448	0
15452	0
15456	0
15460	0
15464	0
15468	0
15472	0
15476	0
15480	0
15484	0
15488	0
15492	0
15496	0
15500	0
15504	0
15508	0
15512	0
15516	0
15520	0
15524	0
15528	0
15532	0
15536	0
15540	0
15544	0
15548	0
15552	0
15556	0
15560	0
15564	0
15568	0
15572	0
15576	0
15580	0
15584	0
15588	0
15592	0
15596	0
15600	0
15604	0
15608	0
15612	0
15616	0
15620	0
15624	0
15628	0
15632	0
15636	0
15640	0
15644	0
15648	0
15652	0
15656	0
15660	0
15664	0
15668	0
15672	0
15676	0
15680	0
15684	0
15688	0
15692	0
15696	0
15700	0
15704	0
15708	0
15712	0
15716	0
15720	0
15724	0
15728	0
15732	0
15736	0
15740	0
15744	0
15748	0
15752	0
15756	0
15760	0
15764	0
15768	0
15772	0
15776	0
15780	0
15784	0
15788	0
15792	0
15796	0
15800	0
15804	0
15808	0
15812	0
15816	0
15820	0
15824	0
15828	0
15832	0
15836	0
15840	0
15844	0
15848	0
15852	0
15856	0
15860	0
15864	0
15868	0
15872	0
15876	0
15880	0
15884	0
15888	0
15892	0
15896	0
15900	0
15904	0
15908	0
15912	0
15916	0
15920	0
15924	0
15928	0
15932	0
15936	0
15940	0
15944	0
15948	0
15952	0
15956	0
15960	0
15964	0
15968	0
15972	0
15976	0
15980	0
15984	0
15988	0
15992	0
15996	0
16000	0
16004	0
16008	0
16012	0
16016	0
16020	0
16024	0
16028	0
16032	0
16036	0
16040	0
16044	0
16048	0
16052	0
16056	0
16060	0
16064	0
16068	0
16072	0
16076	0
16080	0
16084	0
16088	0
16092	0
16096	0
16100	0
16104	0
16108	0
16112	0
16116	0
16120	0
16124	0
16128	0
16132	0
16136	0
16140	0
16144	0
16148	0
16152	0
16156	0
16160	0
16164	0
16168	0
16172	0
16176	0
16180	0
16184	0
16188	0
16192	0
16196	0
16200	0
16204	0
16208	0
16212	0
16216	0
16220	0
16224	0
16228	0
16232	0
16236	0
16240	0
16244	0
16248	0
16252	0
16256	0
16260	0
16264	0
16268	0
16272	0
16276	0
16280	0
16284	0
16288	0
16292	0
16296	0
16300	0
16304	0
16308	0
16312	0
16316	0
16320	0
16324	0
16328	0
16332	0
16336	0
16340	0
16344	0
16348	0
16352	0
16356	0
16360	0
16364	0
16368	0
16372	0
16376	0
16380	0
16384	0
16388	0
16392	0
16396	0
16400	0
16404	0
16408	0
16412	0
16416	0
16420	0
16424	0
16428	0
16432	0
16436	0
16440	0
16444	0
16448	0
16452	0
16456	0
16460	0
16464	0
16468	0
16472	0
16476	0
16480	0
16484	0
16488	0
16492	0
16496	0
16500	0
16504	0
16508	0
16512	0
16516	0
16520	0
16524	0
16528	0
16532	0
16536	0
16540	0
16544	0
16548	0
16552	0
16556	0
16560	0
16564	0
16568	0
16572	0
16576	0
16580	0
16584	0
16588	0
16592	0
16596	0
16600	0
16604	0
16608	0
16612	0
16616	0
16620	0
16624	0
16628	0
16632	0
16636	0
16640	0
16644	0
16648	0
16652	0
16656	0
16660	0
16664	0
16668	0
16672	0
16676	0
16680	0
16684	0
16688	0
16692	0
16696	0
16700	0
16704	0
16708	0
16712	0
16716	0
16720	0
16724	0
16728	0
16732	0
16736	0
16740	0
16744	0
16748	0
16752	0
16756	0
16760	0
16764	0
16768	0
16772	0
16776	0
16780	0
16784	0
16788	0
16792	0
16796	0
16800	0
16804	0
16808	0
16812	0
16816	0
16820	0
16824	0
16828	0
16832	0
16836	0
16840	0
16844	0
16848	0
16852	0
16856	0
16860	0
16864	0
16868	0
16872	0
16876	0
16880	0
16884	0
16888	0
16892	0
16896	0
16900	0
16904	0
16908	0
16912	0
16916	0
16920	0
16924	0
16928	0
16932	0
16936	0
16940	0
16944	0
16948	0
16952	0
16956	0
16960	0
16964	0
16968	0
16972	0
16976	0
16980	0
16984	0
16988	0
16992	0
16996	0
17000	0
17004	0
17008	0
17012	0
17016	0
17020	0
17024	0
17028	0
17032	0
17036	0
17040	0
17044	0
17048	0
17052	0
17056	0
17060	0
17064	0
17068	0
17072	0
17076	0
17080	0
17084	0
17088	0
17092	0
17096	0
17100	0
17104	0
17108	0
17112	0
17116	0
17120	0
17124	0
17128	0
17132	0
17136	0
17140	0
17144	0
17148	0
17152	0
17156	0
17160	0
17164	0
17168	0
17172	0
17176	0
17180	0
17184	0
17188	0
17192	0
17196	0
17200	0
17204	0
17208	0
17212	0
17216	0
17220	0
17224	0
17228	0
17232	0
17236	0
17240	0
17244	0
17248	0
17252	0
17256	0
17260	0
17264	0
17268	0
17272	0
17276	0
17280	0
17284	0
17288	0
17292	0
17296	0
17300	0
17304	0
17308	0
17312	0
17316	0
17320	0
17324	0
17328	0
17332	0
17336	0
17340	0
17344	0
17348	0
17352	0
17356	0
17360	0
17364	0
17368	0
17372	0
17376	0
17380	0
17384	0
17388	0
17392	0
17396	0
17400	0
17404	0
17408	0
17412	0
17416	0
17420	0
17424	0
17428	0
17432	0
17436	0
17440	0
17444	0
17448	0
17452	0
17456	0
17460	0
17464	0
17468	0
17472	0
17476	0
17480	0
17484	0
17488	0
17492	0
17496	0
17500	0
17504	0
17508	0
17512	0
17516	0
17520	0
17524	0
17528	0
17532	0
17536	0
17540	0
17544	0
17548	0
17552	0
17556	0
17560	0
17564	0
17568	0
17572	0
17576	0
17580	0
17584	0
17588	0
17592	0
17596	0
17600	0
17604	0
17608	0
17612	0
17616	0
17620	0
17624	0
17628	0
17632	0
17636	0
17640	0
17644	0
17648	0
17652	0
17656	0
17660	0
17664	0
17668	0
17672	0
17676	0
17680	0
17684	0
17688	0
17692	0
17696	0
17700	0
17704	0
17708	0
17712	0
17716	0
17720	0
17724	0
17728	0
17732	0
17736	0
17740	0
17744	0
17748	0
17752	0
17756	0
17760	0
17764	0
17768	0
17772	0
17776	0
17780	0
17784	0
17788	0
17792	0
17796	0
17800	0
17804	0
17808	0
17812	0
17816	0
17820	0
17824	0
17828	0
17832	0
17836	0
17840	0
17844	0
17848	0
17852	0
17856	0
17860	0
17864	0
17868	0
17872	0
17876	0
17880	0
17884	0
17888	0
17892	0
17896	0
17900	0
17904	0
17908	0
17912	0
17916	0
17920	0
17924	0
17928	0
17932	0
17936	0
17940	0
17944	0
17948	0
17952	0
17956	0
17960	0
17964	0
17968	0
17972	0
17976	0
17980	0
17984	0
17988	0
17992	0
17996	0
18000	0
18004	0
18008	0
18012	0
18016	0
18020	0
18024	0
18028	0
18032	0
18036	0
18040	0
18044	0
18048	0
18052	0
18056	0
18060	0
18064	0
18068	0
18072	0
18076	0
18080	0
18084	0
18088	0
18092	0
18096	0
18100	0
18104	0
18108	0
18112	0
18116	0
18120	0
18124	0
18128	0
18132	0
18136	0
18140	0
18144	0
18148	0
18152	0
18156	0
18160	0
18164	0
18168	0
18172	0
18176	0
18180	0
18184	0
18188	0
18192	0
18196	0
18200	0
18204	0
18208	0
18212	0
18216	0
18220	0
18224	0
18228	0
18232	0
18236	0
18240	0
18244	0
18248	0
18252	0
18256	0
18260	0
18264	0
18268	0
18272	0
18276	0
18280	0
18284	0
18288	0
18292	0
18296	0
18300	0
18304	0
18308	0
18312	0
18316	0
18320	0
18324	0
18328	0
18332	0
18336	0
18340	0
18344	0
18348	0
18352	0
18356	0
18360	0
18364	0
18368	0
18372	0
18376	0
18380	0
18384	0
18388	0
18392	0
18396	0
18400	0
18404	0
18408	0
18412	0
18416	0
18420	0
18424	0
18428	0
18432	0
18436	0
18440	0
18444	0
18448	0
18452	0
18456	0
18460	0
18464	0
18468	0
18472	0
18476	0
18480	0
18484	0
18488	0
18492	0
18496	0
18500	0
18504	0
18508	0
18512	0
18516	0
18520	0
18524	0
18528	0
18532	0
18536	0
18540	0
18544	0
18548	0
18552	0
18556	0
18560	0
18564	0
18568	0
18572	0
18576	0
18580	0
18584	0
18588	0
18592	0
18596	0
18600	0
18604	0
18608	0
18612	0
18616	0
18620	0
18624	0
18628	0
18632	0
18636	0
18640	0
18644	0
18648	0
18652	0
18656	0
18660	0
18664	0
18668	0
18672	0
18676	0
18680	0
18684	0
18688	0
18692	0
18696	0
18700	0
18704	0
18708	0
18712	0
18716	0
18720	0
18724	0
18728	0
18732	0
18736	0
18740	0
18744	0
18748	0
18752	0
18756	0
18760	0
18764	0
18768	0
18772	0
18776	0
18780	0
18784	0
18788	0
18792	0
18796	0
18800	0
18804	0
18808	0
18812	0
18816	0
18820	0
18824	0
18828	0
18832	0
18836	0
18840	0
18844	0
18848	0
18852	0
18856	0
18860	0
18864	0
18868	0
18872	0
18876	0
18880	0
18884	0
18888	0
18892	0
18896	0
18900	0
18904	0
18908	0
18912	0
18916	0
18920	0
18924	0
18928	0
18932	0
18936	0
18940	0
18944	0
18948	0
18952	0
18956	0
18960	0
18964	0
18968	0
18972	0
18976	0
18980	0
18984	0
18988	0
18992	0
18996	0
19000	0
19004	0
19008	0
19012	0
19016	0
19020	0
19024	0
19028	0
19032	0
19036	0
19040	0
19044	0
19048	0
19052	0
19056	0
19060	0
19064	0
19068	0
19072	0
19076	0
19080	0
19084	0
19088	0
19092	0
19096	0
19100	0
19104	0
19108	0
19112	0
19116	0
19120	0
19124	0
19128	0
19132	0
19136	0
19140	0
19144	0
19148	0
19152	0
19156	0
19160	0
19164	0
19168	0
19172	0
19176	0
19180	0
19184	0
19188	0
19192	0
19196	0
19200	0
19204	0
19208	0
19212	0
19216	0
19220	0
19224	0
19228	0
19232	0
19236	0
19240	0
19244	0
19248	0
19252	0
19256	0
19260	0
19264	0
19268	0
19272	0
19276	0
19280	0
19284	0
19288	0
19292	0
19296	0
19300	0
19304	0
19308	0
19312	0
19316	0
19320	0
19324	0
19328	0
19332	0
19336	0
19340	0
19344	0
19348	0
19352	0
19356	0
19360	0
19364	0
19368	0
19372	0
19376	0
19380	0
19384	0
19388	0
19392	0
19396	0
19400	0
19404	0
19408	0
19412	0
19416	0
19420	0
19424	0
19428	0
19432	0
19436	0
19440	0
19444	0
19448	0
19452	0
19456	0
19460	0
19464	0
19468	0
19472	0
19476	0
19480	0
19484	0
19488	0
19492	0
19496	0
19500	0
19504	0
19508	0
19512	0
19516	0
19520	0
19524	0
19528	0
19532	0
19536	0
19540	0
19544	0
19548	0
19552	0
19556	0
19560	0
19564	0
19568	0
19572	0
19576	0
19580	0
19584	0
19588	0
19592	0
19596	0
19600	0
19604	0
19608	0
19612	0
19616	0
19620	0
19624	0
19628	0
19632	0
19636	0
19640	0
19644	0
19648	0
19652	0
19656	0
19660	0
19664	0
19668	0
19672	0
19676	0
19680	0
19684	0
19688	0
19692	0
19696	0
19700	0
19704	0
19708	0
19712	0
19716	0
19720	0
19724	0
19728	0
19732	0
19736	0
19740	0
19744	0
19748	0
19752	0
19756	0
19760	0
19764	0
19768	0
19772	0
19776	0
19780	0
19784	0
19788	0
19792	0
19796	0
19800	0
19804	0
19808	0
19812	0
19816	0
19820	0
19824	0
19828	0
19832	0
19836	0
19840	0
19844	0
19848	0
19852	0
19856	0
19860	0
19864	0
19868	0
19872	0
19876	0
19880	0
19884	0
19888	0
19892	0
19896	0
19900	0
19904	0
19908	0
19912	0
19916	0
19920	0
19924	0
19928	0
19932	0
19936	0
19940	0
19944	0
19948	0
19952	0
19956	0
19960	0
19964	0
19968	0
19972	0
19976	0
19980	0
19984	0
19988	0
19992	0
19996	0
