0	0
4	366
8	1503
12	6584
16	8340
20	15199
24	41961
28	70110
32	138382
36	207579
40	338264
44	530085
48	676290
52	876704
56	1087081
60	1362986
64	1747227
68	2198164
72	2717265
76	3571454
80	4559537
84	6229159
88	8543304
92	11551706
96	15231074
100	20293801
104	26012188
108	31443718
112	37044889
116	42754455
120	47736443
124	52345695
128	56701061
132	63492374
136	71978152
140	83109179
144	96453977
148	111829081
152	125805584
156	136622121
160	144193350
164	147855939
168	145809192
172	142971387
176	141635135
180	145567728
184	153960762
188	165469605
192	178179860
196	189627046
200	197077047
204	204242440
208	216009033
212	236688253
216	268704717
220	316743809
224	378056770
228	443752465
232	506342223
236	562598318
240	611591418
244	651201955
248	688167138
252	744146047
256	829047152
260	943858760
264	1087095875
268	1239692548
272	1379839533
276	1477694174
280	1520421794
284	1522110022
288	1486762827
292	1442224390
296	1414458655
300	1430013560
304	1482324683
308	1550335010
312	1610435724
316	1633397814
320	1606711528
324	1537123819
328	1451919882
332	1381909418
336	1347713879
340	1356147306
344	1397147883
348	1450779446
352	1490741955
356	1499148386
360	1480947818
364	1448792030
368	1424496944
372	1427646473
376	1476567947
380	1564804591
384	1677686974
388	1777980417
392	1847038437
396	1867327019
400	1833741121
404	1768100538
408	1702621331
412	1654729289
416	1639613020
420	1652877719
424	1684921016
428	1715079575
432	1722962934
436	1712397220
440	1687800750
444	1672170813
448	1677014164
452	1716629922
456	1776250355
460	1842476614
464	1893350111
468	1907259627
472	1892616811
476	1857541888
480	1820917755
484	1805436586
488	1833518945
492	1897292759
496	1979617030
500	2056688085
504	2109333766
508	2134998649
512	2147426223
516	2174826066
520	2250810016
524	2390527454
528	2599921351
532	2850272993
536	3109413584
540	3341615653
544	3531708534
548	3681049368
552	3822114786
556	4006386447
560	4278673805
564	4672883879
568	5163360293
572	5705590427
576	6195952090
580	6551394354
584	6713702955
588	6691243253
592	6544305144
596	6369786378
600	6242294814
604	6225173242
608	6320617757
612	6469951303
616	6598058227
620	6623225726
624	6512843414
628	6281749657
632	5987180742
636	5722799046
640	5552012461
644	5511015846
648	5575944165
652	5685062811
656	5777829592
660	5795515871
664	5733119751
668	5615234507
672	5508295682
676	5470433784
680	5540575920
684	5713060501
688	5942467923
692	6161084646
696	6282390596
700	6263759858
704	6100391161
708	5827843624
712	5513732779
716	5224894598
720	5006603708
724	4873026553
728	4782199845
732	4700163328
736	4584654843
740	4409404741
744	4187768760
748	3948594022
752	3724429359
756	3543403229
760	3415457504
764	3326862298
768	3251416074
772	3163550642
776	3050073943
780	2913408351
784	2770355178
788	2639916797
792	2543114127
796	2483954790
800	2455700585
804	2443282466
808	2423598907
812	2394504668
816	2344163057
820	2289289061
824	2248709992
828	2230443637
832	2239901980
836	2275273489
840	2322648182
844	2363903688
848	2388735161
852	2397625600
856	2402283713
860	2411423603
864	2447624862
868	2522468493
872	2620817839
876	2730101673
880	2826051091
884	2890647866
888	2901917224
892	2866246732
896	2793550141
900	2704477326
904	2617986675
908	2546375436
912	2496724702
916	2463001143
920	2433342991
924	2405133297
928	2365110438
932	2321857548
936	2268623425
940	2226762407
944	2195050438
948	2188550504
952	2204198548
956	2246687578
960	2311255591
964	2385629491
968	2469505114
972	2546852231
976	2626842618
980	2706359972
984	2792579058
988	2885737801
992	3010405826
996	3165285661
1000	3348873176
1004	3556720980
1008	3763313007
1012	3944300459
1016	4072857215
1020	4134949561
1024	4130930683
1028	4075005522
1032	4004488592
1036	3935611371
1040	3908091139
1044	3906930533
1048	3930305930
1052	3946985555
1056	3940974549
1060	3883161895
1064	3783841009
1068	3657774460
1072	3534291855
1076	3446002414
1080	3393962674
1084	3390767349
1088	3414443653
1092	3440203714
1096	3453590125
1100	3444234990
1104	3414594610
1108	3391574091
1112	3391226551
1116	3433250737
1120	3516419931
1124	3622521504
1128	3732270943
1132	3815226460
1136	3841727192
1140	3813663904
1144	3740056765
1148	3644817912
1152	3548530708
1156	3478055421
1160	3437390032
1164	3421119580
1168	3411851144
1172	3397071990
1176	3371119472
1180	3335238114
1184	3307215343
1188	3288766252
1192	3300722691
1196	3332834103
1200	3374117130
1204	3410874284
1208	3420541822
1212	3402991205
1216	3364391678
1220	3319418868
1224	3289303867
1228	3286802369
1232	3314044733
1236	3365394556
1240	3424886935
1244	3473135407
1248	3505059793
1252	3532354886
1256	3562547151
1260	3617516619
1264	3717245802
1268	3863993313
1272	4050506819
1276	4251546818
1280	4448630494
1284	4620856400
1288	4767191026
1292	4905735521
1296	5059770389
1300	5259259776
1304	5511915563
1308	5805005422
1312	6116019432
1316	6391507959
1320	6581419613
1324	6660402030
1328	6627453644
1332	6496070533
1336	6315110947
1340	6135695768
1344	5990327452
1348	5889928242
1352	5815276338
1356	5756079782
1360	5662830917
1364	5518260483
1368	5327182379
1372	5113626972
1376	4912060087
1380	4744363946
1384	4633167906
1388	4571900661
1392	4545727152
1396	4524582033
1400	4488145909
1404	4426377837
1408	4338989890
1412	4246928934
1416	4171536498
1420	4127541671
1424	4119537166
1428	4128608017
1432	4133358299
1436	4107425369
1440	4032012457
1444	3902295890
1448	3726946082
1452	3527868646
1456	3328320243
1460	3147939648
1464	2991422282
1468	2857427160
1472	2740949184
1476	2624831074
1480	2506862907
1484	2386150360
1488	2263871774
1492	2155474678
1496	2061545683
1500	1983912926
1504	1917723395
1508	1858617357
1512	1798463004
1516	1730171728
1520	1656793594
1524	1580062155
1528	1508149597
1532	1445358251
1536	1394154945
1540	1354151176
1544	1319288238
1548	1290992828
1552	1262488809
1556	1231392667
1560	1207917830
1564	1184716260
1568	1169627981
1572	1165081425
1576	1168774735
1580	1176594110
1584	1182396179
1588	1184087232
1592	1180056540
1596	1172454105
1600	1166239726
1604	1162317488
1608	1162501637
1612	1168608118
1616	1176522601
1620	1179037920
1624	1170664506
1628	1151524805
1632	1116551345
1636	1072219036
1640	1020400673
1644	968002039
1648	918475413
1652	872582826
1656	833416945
1660	799151683
1664	767370338
1668	735337121
1672	705284746
1676	675735731
1680	650756556
1684	630920510
1688	616251032
1692	607950800
1696	601907014
1700	599749480
1704	597833964
1708	595072275
1712	592256732
1716	588159763
1720	583538675
1724	578411569
1728	573680957
1732	571378377
1736	571075452
1740	568147003
1744	566675849
1748	564289529
1752	559870592
1756	547562945
1760	530594155
1764	511897384
1768	489653830
1772	465466925
1776	441658044
1780	420479254
1784	400759673
1788	382931329
1792	366042003
1796	350624189
1800	335427294
1804	320173092
1808	304319145
1812	290921356
1816	278237028
1820	267839584
1824	260249798
1828	253458978
1832	247219828
1836	242362163
1840	237107109
1844	231981502
1848	227357941
1852	224474966
1856	221990278
1860	221645316
1864	222120103
1868	223924984
1872	225019681
1876	226312524
1880	227632810
1884	228550054
1888	229701572
1892	231099826
1896	232423699
1900	234365569
1904	236142194
1908	237191061
1912	237592180
1916	239656108
1920	240763578
1924	242512721
1928	246818992
1932	251203697
1936	255925510
1940	260544480
1944	264272284
1948	267771055
1952	270492352
1956	275059909
1960	280050704
1964	288289910
1968	298482837
1972	310671646
1976	324245115
1980	338963044
1984	355877764
1988	372808546
1992	392658777
1996	415608581
2000	442799015
2004	472341783
2008	503958652
2012	537621009
2016	563064974
2020	585793581
2024	601793582
2028	609556655
2032	612888843
2036	615991112
2040	616470848
2044	620100541
2048	624469578
2052	628030893
2056	627292219
2060	624095969
2064	616571655
2068	604238692
2072	589646273
2076	574758877
2080	563143649
2084	556348183
2088	550317504
2092	546700969
2096	545451777
2100	543052593
2104	541315159
2108	539939912
2112	538569886
2116	542077947
2120	547344811
2124	555416719
2128	563525359
2132	570687212
2136	573238634
2140	571941485
2144	566418045
2148	555432777
2152	546561074
2156	534870867
2160	524702981
2164	516893949
2168	510745406
2172	506475959
2176	501961069
2180	496098869
2184	491788391
2188	489249038
2192	487019717
2196	487045844
2200	486256544
2204	487149095
2208	487594305
2212	486782648
2216	484694276
2220	481265542
2224	478528504
2228	477648974
2232	478260900
2236	482583164
2240	486775583
2244	491989920
2248	497938454
2252	503418639
2256	511609423
2260	520601675
2264	532890410
2268	549943640
2272	569694759
2276	592331784
2280	616143868
2284	639931330
2288	663671466
2292	687869646
2296	713259701
2300	740916564
2304	772471893
2308	805916239
2312	839662912
2316	870809439
2320	893312385
2324	906796584
2328	912067643
2332	905383512
2336	892676003
2340	876307234
2344	858191876
2348	842638997
2352	826757126
2356	812476722
2360	795909252
2364	776816583
2368	756344353
2372	733866633
2376	710351093
2380	689032618
2384	672622931
2388	658529842
2392	649253432
2396	641331138
2400	634477230
2404	626387091
2408	617863142
2412	609734169
2416	601116618
2420	594146076
2424	589443716
2428	585247513
2432	581024363
2436	574253972
2440	563801806
2444	550122316
2448	531216058
2452	508331390
2456	485466590
2460	460596594
2464	438628349
2468	415765065
2472	397453586
2476	380367651
2480	362334649
2484	345494864
2488	329591726
2492	315026166
2496	301372338
2500	288439514
2504	277644164
2508	267741951
2512	258172032
2516	248443927
2520	238588307
2524	230013505
2528	220532094
2532	211307607
2536	204173661
2540	197333320
2544	191844198
2548	186637717
2552	182727326
2556	179460376
2560	176143927
2564	173997911
2568	172761659
2572	172058736
2576	171294203
2580	173095406
2584	173914672
2588	175225755
2592	176589765
2596	177979615
2600	179757157
2604	181078383
2608	182555935
2612	185593583
2616	187448072
2620	189478084
2624	191722175
2628	192293923
2632	191231514
2636	189514332
2640	186296524
2644	183049261
2648	178938692
2652	174462915
2656	171162800
2660	166937511
2664	163903991
2668	161891190
2672	159260978
2676	157881865
2680	156640940
2684	155890212
2688	155762005
2692	157307992
2696	158579245
2700	160597639
2704	164710825
2708	168303349
2712	172970137
2716	177601625
2720	182592244
2724	187014761
2728	192695187
2732	198066594
2736	203582728
2740	210692773
2744	216881499
2748	222831393
2752	228491945
2756	232511494
2760	234613949
2764	234996376
2768	232807228
2772	230460713
2776	225924249
2780	220420680
2784	215860240
2788	211441155
2792	207677460
2796	202765773
2800	198318011
2804	193204261
2808	187600885
2812	181862950
2816	176733683
2820	172615417
2824	168636915
2828	165197194
2832	163600230
2836	161061295
2840	159301042
2844	157846956
2848	155464448
2852	153871407
2856	153292364
2860	151826193
2864	151321336
2868	151474287
2872	150105461
2876	148857868
2880	146968573
2884	144247982
2888	140812114
2892	137245855
2896	134010188
2900	130649912
2904	127882758
2908	125230467
2912	122627454
2916	120312965
2920	119142784
2924	117755946
2928	116696564
2932	115717649
2936	115195513
2940	114600279
2944	114045374
2948	113656028
2952	112349898
2956	110828434
2960	109303696
2964	107977550
2968	105708496
2972	104646860
2976	103504946
2980	103015182
2984	102333196
2988	102379785
2992	101917868
2996	102128464
3000	103081783
3004	103277397
3008	104709712
3012	106262987
3016	108173789
3020	110407035
3024	112482515
3028	113668558
3032	115380368
3036	116852241
3040	118219652
3044	119026620
3048	119883328
3052	120714332
3056	121001818
3060	120911839
3064	118633870
3068	116642309
3072	113511280
3076	109240538
3080	104472679
3084	100006335
3088	95362042
3092	90368113
3096	86603891
3100	81883388
3104	78059055
3108	74935937
3112	70541027
3116	67570420
3120	64575449
3124	62198764
3128	59549392
3132	57727269
3136	55723255
3140	53569348
3144	51983725
3148	50688192
3152	48957106
3156	46888169
3160	45435026
3164	43771222
3168	41811465
3172	40447889
3176	38755207
3180	36946510
3184	35067842
3188	33335014
3192	31482891
3196	29383306
3200	27458631
3204	25721070
3208	23964362
3212	22500403
3216	21115223
3220	19747935
3224	18836608
3228	17759147
3232	16833083
3236	15955015
3240	15373247
3244	14707644
3248	14304849
3252	13461082
3256	13004156
3260	12417475
3264	11812803
3268	11125187
3272	10514646
3276	9946136
3280	9654155
3284	8984792
3288	8797013
3292	8259101
3296	8083464
3300	7995385
3304	7734723
3308	7582811
3312	7473663
3316	7473266
3320	7336178
3324	7453370
3328	7288950
3332	7272534
3336	7199539
3340	7196032
3344	6907968
3348	6872858
3352	6829652
3356	6585027
3360	6475581
3364	6376093
3368	6054924
3372	5878966
3376	5703815
3380	5420978
3384	5192937
3388	4854158
3392	4595450
3396	4331051
3400	4176652
3404	3916826
3408	3744546
3412	3587070
3416	3492720
3420	3314546
3424	3241129
3428	3137752
3432	3176459
3436	3121488
3440	3033878
3444	2985150
3448	3031334
3452	2982153
3456	2978833
3460	2951724
3464	3007063
3468	2968712
3472	2891678
3476	2929305
3480	2811027
3484	2880066
3488	2700289
3492	2706712
3496	2620590
3500	2552069
3504	2519829
3508	2300597
3512	2295498
3516	2143485
3520	2079973
3524	1973748
3528	1786560
3532	1700887
3536	1574297
3540	1486398
3544	1388048
3548	1345340
3552	1252488
3556	1238265
3560	1131045
3564	1068320
3568	1057443
3572	1034996
3576	1050466
3580	993044
3584	948824
3588	944146
3592	945745
3596	926221
3600	922191
3604	933526
3608	955176
3612	939466
3616	934396
3620	894529
3624	971630
3628	898763
3632	932919
3636	961183
3640	942257
3644	919264
3648	936711
3652	954586
3656	921899
3660	943039
3664	912689
3668	941235
3672	941133
3676	913678
3680	912917
3684	892428
3688	895606
3692	909959
3696	935609
3700	947786
3704	944606
3708	961095
3712	989958
3716	999359
3720	1050585
3724	1109552
3728	1072039
3732	1093578
3736	1046455
3740	1149984
3744	1127456
3748	1164180
3752	1192191
3756	1238560
3760	1199012
3764	1227133
3768	1161153
3772	1233755
3776	1120639
3780	1101602
3784	1089722
3788	1057930
3792	1045635
3796	900078
3800	932255
3804	879671
3808	880557
3812	805472
3816	811351
3820	730599
3824	734820
3828	678272
3832	669606
3836	650219
3840	630451
3844	597720
3848	552194
3852	617237
3856	561195
3860	526563
3864	558990
3868	536083
3872	500747
3876	539653
3880	501129
3884	508015
3888	461172
3892	443290
3896	436015
3900	420522
3904	420972
3908	431593
3912	393933
3916	406589
3920	370210
3924	376398
3928	372453
3932	368835
3936	345961
3940	365810
3944	362074
3948	325821
3952	335188
3956	344173
3960	337945
3964	333545
3968	303448
3972	328296
3976	304383
3980	300611
3984	293427
3988	292408
3992	293788
3996	300449
4000	282902
4004	302380
4008	294975
4012	305866
4016	292770
4020	311437
4024	334050
4028	335190
4032	317690
4036	333177
4040	332577
4044	320509
4048	332815
4052	328191
4056	300444
4060	289767
4064	301772
4068	296980
4072	287567
4076	295903
4080	265886
4084	276797
4088	267047
4092	238142
4096	231392
4100	221499
4104	217307
4108	202750
4112	212539
4116	211621
4120	203102
4124	204853
4128	210825
4132	223770
4136	229429
4140	222620
4144	244751
4148	257089
4152	245895
4156	275204
4160	271809
4164	277554
4168	297862
4172	296263
4176	275276
4180	310327
4184	335745
4188	330193
4192	313245
4196	333960
4200	361534
4204	375024
4208	347635
4212	386501
4216	409351
4220	436127
4224	471447
4228	512049
4232	513277
4236	561723
4240	620910
4244	653749
4248	715399
4252	770756
4256	816018
4260	866776
4264	926045
4268	974521
4272	1068038
4276	1077765
4280	1121246
4284	1154242
4288	1180963
4292	1158035
4296	1207475
4300	1294313
4304	1242450
4308	1265308
4312	1237225
4316	1252211
4320	1257821
4324	1182135
4328	1203834
4332	1169892
4336	1220765
4340	1182844
4344	1191047
4348	1185966
4352	1190144
4356	1216577
4360	1203374
4364	1170669
4368	1214685
4372	1183248
4376	1201691
4380	1303456
4384	1260658
4388	1261449
4392	1289541
4396	1308719
4400	1331998
4404	1292461
4408	1304549
4412	1266588
4416	1199349
4420	1248147
4424	1188885
4428	1209112
4432	1175090
4436	1163023
4440	1161077
4444	1188469
4448	1165246
4452	1136434
4456	1171435
4460	1193065
4464	1130975
4468	1145023
4472	1166201
4476	1133450
4480	1141932
4484	1168357
4488	1188276
4492	1159508
4496	1180556
4500	1225566
4504	1212354
4508	1222373
4512	1260528
4516	1239089
4520	1274954
4524	1352258
4528	1297155
4532	1413651
4536	1501490
4540	1510398
4544	1560296
4548	1648516
4552	1668515
4556	1812647
4560	1811010
4564	1973054
4568	1966159
4572	2057267
4576	2115051
4580	2086495
4584	2079130
4588	2154575
4592	2071357
4596	2073862
4600	2046762
4604	2046873
4608	2003399
4612	1908670
4616	1908287
4620	1867098
4624	1822643
4628	1823828
4632	1787051
4636	1716600
4640	1712785
4644	1632220
4648	1644900
4652	1548824
4656	1543196
4660	1528584
4664	1546766
4668	1541362
4672	1504336
4676	1504333
4680	1418634
4684	1447922
4688	1395990
4692	1395093
4696	1391544
4700	1295139
4704	1240053
4708	1253723
4712	1246610
4716	1113109
4720	1073320
4724	1064360
4728	1018509
4732	957146
4736	917655
4740	875644
4744	810897
4748	786910
4752	751173
4756	749617
4760	718602
4764	694330
4768	654897
4772	636192
4776	625395
4780	591121
4784	542406
4788	509686
4792	507812
4796	520534
4800	471828
4804	467122
4808	467896
4812	426712
4816	445953
4820	425948
4824	420142
4828	435094
4832	429984
4836	438034
4840	398286
4844	450105
4848	457355
4852	402194
4856	412763
4860	443107
4864	427579
4868	446821
4872	442754
4876	465179
4880	446063
4884	445177
4888	483962
4892	456504
4896	444061
4900	450989
4904	416432
4908	431766
4912	412802
4916	406840
4920	392717
4924	426157
4928	396234
4932	388508
4936	382835
4940	375876
4944	375486
4948	380017
4952	357358
4956	397571
4960	397978
4964	394145
4968	410780
4972	414095
4976	465300
4980	424932
4984	440238
4988	454094
4992	472379
4996	494991
5000	476837
5004	517393
5008	527736
5012	551987
5016	549370
5020	572613
5024	552619
5028	529934
5032	543028
5036	517974
5040	529971
5044	491683
5048	496382
5052	520674
5056	475177
5060	428135
5064	447501
5068	454424
5072	446741
5076	457843
5080	397174
5084	409823
5088	371571
5092	401745
5096	373918
5100	376934
5104	401823
5108	381347
5112	358378
5116	354231
5120	366026
5124	367080
5128	360537
5132	337909
5136	358610
5140	330939
5144	328708
5148	324131
5152	326460
5156	329941
5160	312599
5164	322294
5168	290717
5172	283051
5176	294499
5180	311169
5184	294340
5188	294749
5192	272266
5196	289685
5200	278911
5204	256671
5208	267879
5212	271670
5216	261986
5220	271866
5224	245299
5228	237929
5232	266107
5236	258344
5240	227434
5244	258513
5248	244658
5252	264156
5256	228425
5260	253652
5264	248865
5268	260148
5272	260104
5276	276283
5280	267841
5284	250785
5288	284778
5292	268502
5296	254208
5300	278001
5304	268270
5308	300995
5312	279296
5316	275511
5320	263543
5324	257327
5328	272641
5332	259918
5336	270100
5340	221421
5344	234113
5348	219203
5352	209712
5356	206870
5360	204012
5364	188930
5368	164900
5372	172514
5376	160966
5380	152302
5384	171197
5388	142310
5392	134012
5396	119383
5400	137988
5404	118955
5408	115285
5412	115383
5416	101605
5420	94138
5424	113513
5428	101605
5432	84547
5436	102622
5440	82155
5444	90933
5448	79182
5452	72111
5456	74528
5460	66385
5464	54240
5468	63662
5472	52708
5476	47171
5480	49812
5484	48766
5488	38855
5492	47395
5496	38866
5500	43941
5504	38801
5508	39185
5512	29638
5516	25538
5520	29406
5524	29694
5528	21578
5532	24413
5536	25677
5540	21184
5544	21388
5548	19395
5552	23566
5556	23150
5560	19274
5564	23413
5568	14275
5572	14580
5576	18496
5580	17033
5584	16905
5588	20273
5592	18416
5596	18313
5600	17037
5604	18267
5608	19110
5612	13702
5616	17105
5620	16185
5624	17092
5628	15875
5632	13598
5636	11615
5640	15754
5644	14119
5648	14568
5652	7123
5656	14421
5660	12640
5664	14465
5668	4967
5672	8683
5676	5807
5680	7718
5684	6191
5688	4623
5692	10972
5696	9197
5700	7328
5704	6535
5708	10038
5712	5399
5716	9707
5720	8957
5724	9465
5728	3526
5732	6281
5736	7708
5740	9667
5744	5033
5748	4782
5752	5711
5756	5213
5760	9222
5764	6682
5768	5951
5772	3798
5776	4597
5780	5514
5784	2408
5788	4438
5792	3921
5796	3776
5800	3344
5804	2256
5808	2784
5812	2031
5816	1683
5820	2427
5824	2258
5828	1996
5832	1796
5836	817
5840	4382
5844	4382
5848	3209
5852	1553
5856	2355
5860	3497
5864	3430
5868	2065
5872	1892
5876	1991
5880	3456
5884	3433
5888	2150
5892	2648
5896	6389
5900	2716
5904	4483
5908	3460
5912	3547
5916	6210
5920	5337
5924	4214
5928	3872
5932	4129
5936	7216
5940	4692
5944	2560
5948	4291
5952	4015
5956	7551
5960	5236
5964	9304
5968	5815
5972	4366
5976	6240
5980	6264
5984	5497
5988	9679
5992	7526
5996	5791
6000	5620
6004	7867
6008	7374
6012	10320
6016	7787
6020	12356
6024	6433
6028	7305
6032	10687
6036	8215
6040	7489
6044	10794
6048	8731
6052	7020
6056	7171
6060	7420
6064	12534
6068	7790
6072	7193
6076	5602
6080	5335
6084	5428
6088	7435
6092	9289
6096	6792
6100	5102
6104	3334
6108	4413
6112	5002
6116	5297
6120	3324
6124	5198
6128	6764
6132	6915
6136	5561
6140	8032
6144	7723
6148	4369
6152	2334
6156	9125
6160	5188
6164	3273
6168	5744
6172	4195
6176	5546
6180	6013
6184	4157
6188	4359
6192	3120
6196	3512
6200	2244
6204	4911
6208	4663
6212	9357
6216	6596
6220	4550
6224	4456
6228	4806
6232	4653
6236	2991
6240	3469
6244	3702
6248	4519
6252	3457
6256	2082
6260	3454
6264	6613
6268	5689
6272	4587
6276	5464
6280	5604
6284	5032
6288	3947
6292	4615
6296	2404
6300	3619
6304	7783
6308	6271
6312	5178
6316	8081
6320	5542
6324	3430
6328	3043
6332	3673
6336	6289
6340	1915
6344	3702
6348	2173
6352	1959
6356	3566
6360	4316
6364	4604
6368	2718
6372	2180
6376	2515
6380	2143
6384	2094
6388	1593
6392	1402
6396	2808
6400	4178
6404	1419
6408	2819
6412	5014
6416	1974
6420	2039
6424	748
6428	2840
6432	720
6436	1399
6440	2193
6444	1500
6448	1495
6452	741
6456	1825
6460	0
6464	1307
6468	2895
6472	1484
6476	772
6480	0
6484	822
6488	0
6492	1430
6496	519
6500	93
6504	630
6508	643
6512	610
6516	1563
6520	0
6524	0
6528	530
6532	0
6536	0
6540	885
6544	114
6548	0
6552	0
6556	0
6560	0
6564	13
6568	803
6572	0
6576	612
6580	0
6584	603
6588	656
6592	115
6596	600
6600	782
6604	200
6608	44
6612	0
6616	0
6620	1463
6624	0
6628	314
6632	220
6636	526
6640	506
6644	0
6648	577
6652	1448
6656	1009
6660	0
6664	0
6668	543
6672	588
6676	1447
6680	162
6684	28
6688	967
6692	524
6696	627
6700	0
6704	650
6708	0
6712	688
6716	324
6720	565
6724	644
6728	467
6732	0
6736	0
6740	0
6744	0
6748	0
6752	794
6756	292
6760	429
6764	1989
6768	1525
6772	756
6776	0
6780	287
6784	0
6788	0
6792	28
6796	144
6800	0
6804	115
6808	0
6812	0
6816	591
6820	671
6824	0
6828	1146
6832	0
6836	0
6840	0
6844	0
6848	0
6852	0
6856	0
6860	0
6864	195
6868	0
6872	0
6876	387
6880	0
6884	432
6888	0
6892	0
6896	0
6900	0
6904	0
6908	0
6912	0
6916	0
6920	0
6924	0
6928	0
6932	0
6936	0
6940	0
6944	0
6948	0
6952	490
6956	0
6960	0
6964	482
6968	0
6972	0
6976	0
6980	0
6984	0
6988	0
6992	0
6996	0
7000	0
7004	0
7008	0
7012	0
7016	0
7020	0
7024	0
7028	425
7032	0
7036	0
7040	0
7044	0
7048	0
7052	0
7056	0
7060	0
7064	0
7068	0
7072	11
7076	0
7080	0
7084	0
7088	0
7092	0
7096	0
7100	0
7104	0
7108	465
7112	0
7116	0
7120	0
7124	0
7128	0
7132	0
7136	0
7140	0
7144	0
7148	0
7152	0
7156	0
7160	0
7164	0
7168	0
7172	0
7176	0
7180	0
7184	0
7188	0
7192	0
7196	0
7200	0
7204	0
7208	0
7212	0
7216	0
7220	0
7224	0
7228	0
7232	0
7236	0
7240	0
7244	0
7248	0
7252	0
7256	0
7260	0
7264	0
7268	0
7272	0
7276	0
7280	0
7284	0
7288	0
7292	0
7296	0
7300	0
7304	0
7308	0
7312	0
7316	0
7320	0
7324	0
7328	0
7332	0
7336	0
7340	0
7344	0
7348	0
7352	0
7356	0
7360	0
7364	0
7368	0
7372	0
7376	0
7380	0
7384	0
7388	0
7392	0
7396	0
7400	0
7404	0
7408	0
7412	0
7416	0
7420	0
7424	0
7428	0
7432	0
7436	0
7440	0
7444	0
7448	0
7452	0
7456	0
7460	0
7464	0
7468	0
7472	0
7476	0
7480	0
7484	0
7488	0
7492	0
7496	0
7500	0
7504	0
7508	0
7512	0
7516	0
7520	0
7524	0
7528	0
7532	0
7536	0
7540	0
7544	0
7548	0
7552	0
7556	0
7560	0
7564	0
7568	0
7572	0
7576	0
7580	0
7584	0
7588	0
7592	0
7596	0
7600	0
7604	0
7608	0
7612	0
7616	0
7620	0
7624	0
7628	0
7632	0
7636	0
7640	0
7644	0
7648	0
7652	0
7656	0
7660	0
7664	0
7668	0
7672	0
7676	0
7680	0
7684	0
7688	0
7692	0
7696	0
7700	0
7704	0
7708	0
7712	0
7716	0
7720	0
7724	0
7728	0
7732	0
7736	0
7740	0
7744	0
7748	0
7752	0
7756	0
7760	0
7764	0
7768	0
7772	0
7776	0
7780	0
7784	0
7788	0
7792	0
7796	0
7800	0
7804	0
7808	0
7812	0
7816	0
7820	0
7824	0
7828	0
7832	0
7836	0
7840	0
7844	0
7848	0
7852	0
7856	0
7860	0
7864	0
7868	0
7872	0
7876	0
7880	0
7884	0
7888	0
7892	0
7896	0
7900	0
7904	0
7908	0
7912	0
7916	0
7920	0
7924	0
7928	0
7932	0
7936	0
7940	0
7944	0
7948	0
7952	0
7956	0
7960	0
7964	0
7968	0
7972	0
7976	0
7980	0
7984	0
7988	0
7992	0
7996	0
8000	0
8004	0
8008	0
8012	0
8016	0
8020	0
8024	0
8028	0
8032	0
8036	0
8040	0
8044	0
8048	0
8052	0
8056	0
8060	0
8064	0
8068	0
8072	0
8076	0
8080	0
8084	0
8088	0
8092	0
8096	0
8100	0
8104	0
8108	0
8112	0
8116	0
8120	0
8124	0
8128	0
8132	0
8136	0
8140	0
8144	0
8148	0
8152	0
8156	0
8160	0
8164	0
8168	0
8172	0
8176	0
8180	0
8184	0
8188	0
8192	0
8196	0
8200	0
8204	0
8208	0
8212	0
8216	0
8220	0
8224	0
8228	0
8232	0
8236	0
8240	0
8244	0
8248	0
8252	0
8256	0
8260	0
8264	0
8268	0
8272	0
8276	0
8280	0
8284	0
8288	0
8292	0
8296	0
8300	0
8304	0
8308	0
8312	0
8316	0
8320	0
8324	0
8328	0
8332	0
8336	0
8340	0
8344	0
8348	0
8352	0
8356	0
8360	0
8364	0
8368	0
8372	0
8376	0
8380	0
8384	0
8388	0
8392	0
8396	0
8400	0
8404	0
8408	0
8412	0
8416	0
8420	0
8424	0
8428	0
8432	0
8436	0
8440	0
8444	0
8448	0
8452	0
8456	0
8460	0
8464	0
8468	0
8472	0
8476	0
8480	0
8484	0
8488	0
8492	0
8496	0
8500	0
8504	0
8508	0
8512	0
8516	0
8520	0
8524	0
8528	0
8532	0
8536	0
8540	0
8544	0
8548	0
8552	0
8556	0
8560	0
8564	0
8568	0
8572	0
8576	0
8580	0
8584	0
8588	0
8592	0
8596	0
8600	0
8604	0
8608	0
8612	0
8616	0
8620	0
8624	0
8628	0
8632	0
8636	0
8640	0
8644	0
8648	0
8652	0
8656	0
8660	0
8664	0
8668	0
8672	0
8676	0
8680	0
8684	0
8688	0
8692	0
8696	0
8700	0
8704	0
8708	0
8712	0
8716	0
8720	0
8724	0
8728	0
8732	0
8736	0
8740	0
8744	0
8748	0
8752	0
8756	0
8760	0
8764	0
8768	0
8772	0
8776	0
8780	0
8784	0
8788	0
8792	0
8796	0
8800	0
8804	0
8808	0
8812	0
8816	0
8820	0
8824	0
8828	0
8832	0
8836	0
8840	0
8844	0
8848	0
8852	0
8856	0
8860	0
8864	0
8868	0
8872	0
8876	0
8880	0
8884	0
8888	0
8892	0
8896	0
8900	0
8904	0
8908	0
8912	0
8916	0
8920	0
8924	0
8928	0
8932	0
8936	0
8940	0
8944	0
8948	0
8952	0
8956	0
8960	0
8964	0
8968	0
8972	0
8976	0
8980	0
8984	0
8988	0
8992	0
8996	0
9000	0
9004	0
9008	0
9012	0
9016	0
9020	0
9024	0
9028	0
9032	0
9036	0
9040	0
9044	0
9048	0
9052	0
9056	0
9060	0
9064	0
9068	0
9072	0
9076	0
9080	0
9084	0
9088	0
9092	0
9096	0
9100	0
9104	0
9108	0
9112	0
9116	0
9120	0
9124	0
9128	0
9132	0
9136	0
9140	0
9144	0
9148	0
9152	0
9156	0
9160	0
9164	0
9168	0
9172	0
9176	0
9180	0
9184	0
9188	0
9192	0
9196	0
9200	0
9204	0
9208	0
9212	0
9216	0
9220	0
9224	0
9228	0
9232	0
9236	0
9240	0
9244	0
9248	0
9252	0
9256	0
9260	0
9264	0
9268	0
9272	0
9276	0
9280	0
9284	0
9288	0
9292	0
9296	0
9300	0
9304	0
9308	0
9312	0
9316	0
9320	0
9324	0
9328	0
9332	0
9336	0
9340	0
9344	0
9348	0
9352	0
9356	0
9360	0
9364	0
9368	0
9372	0
9376	0
9380	0
9384	0
9388	0
9392	0
9396	0
9400	0
9404	0
9408	0
9412	0
9416	0
9420	0
9424	0
9428	0
9432	0
9436	0
9440	0
9444	0
9448	0
9452	0
9456	0
9460	0
9464	0
9468	0
9472	0
9476	0
9480	0
9484	0
9488	0
9492	0
9496	0
9500	0
9504	0
9508	0
9512	0
9516	0
9520	0
9524	0
9528	0
9532	0
9536	0
9540	0
9544	0
9548	0
9552	0
9556	0
9560	0
9564	0
9568	0
9572	0
9576	0
9580	0
9584	0
9588	0
9592	0
9596	0
9600	0
9604	0
9608	0
9612	0
9616	0
9620	0
9624	0
9628	0
9632	0
9636	0
9640	0
9644	0
9648	0
9652	0
9656	0
9660	0
9664	0
9668	0
9672	0
9676	0
9680	0
9684	0
9688	0
9692	0
9696	0
9700	0
9704	0
9708	0
9712	0
9716	0
9720	0
9724	0
9728	0
9732	0
9736	0
9740	0
9744	0
9748	0
9752	0
9756	0
9760	0
9764	0
9768	0
9772	0
9776	0
9780	0
9784	0
9788	0
9792	0
9796	0
9800	0
9804	0
9808	0
9812	0
9816	0
9820	0
9824	0
9828	0
9832	0
9836	0
9840	0
9844	0
9848	0
9852	0
9856	0
9860	0
9864	0
9868	0
9872	0
9876	0
9880	0
9884	0
9888	0
9892	0
9896	0
9900	0
9904	0
9908	0
9912	0
9916	0
9920	0
9924	0
9928	0
9932	0
9936	0
9940	0
9944	0
9948	0
9952	0
9956	0
9960	0
9964	0
9968	0
9972	0
9976	0
9980	0
9984	0
9988	0
9992	0
9996	0
10000	0
10004	0
10008	0
10012	0
10016	0
10020	0
10024	0
10028	0
10032	0
10036	0
10040	0
10044	0
10048	0
10052	0
10056	0
10060	0
10064	0
10068	0
10072	0
10076	0
10080	0
10084	0
10088	0
10092	0
10096	0
10100	0
10104	0
10108	0
10112	0
10116	0
10120	0
10124	0
10128	0
10132	0
10136	0
10140	0
10144	0
10148	0
10152	0
10156	0
10160	0
10164	0
10168	0
10172	0
10176	0
10180	0
10184	0
10188	0
10192	0
10196	0
10200	0
10204	0
10208	0
10212	0
10216	0
10220	0
10224	0
10228	0
10232	0
10236	0
10240	0
10244	0
10248	0
10252	0
10256	0
10260	0
10264	0
10268	0
10272	0
10276	0
10280	0
10284	0
10288	0
10292	0
10296	0
10300	0
10304	0
10308	0
10312	0
10316	0
10320	0
10324	0
10328	0
10332	0
10336	0
10340	0
10344	0
10348	0
10352	0
10356	0
10360	0
10364	0
10368	0
10372	0
10376	0
10380	0
10384	0
10388	0
10392	0
10396	0
10400	0
10404	0
10408	0
10412	0
10416	0
10420	0
10424	0
10428	0
10432	0
10436	0
10440	0
10444	0
10448	0
10452	0
10456	0
10460	0
10464	0
10468	0
10472	0
10476	0
10480	0
10484	0
10488	0
10492	0
10496	0
10500	0
10504	0
10508	0
10512	0
10516	0
10520	0
10524	0
10528	0
10532	0
10536	0
10540	0
10544	0
10548	0
10552	0
10556	0
10560	0
10564	0
10568	0
10572	0
10576	0
10580	0
10584	0
10588	0
10592	0
10596	0
10600	0
10604	0
10608	0
10612	0
10616	0
10620	0
10624	0
10628	0
10632	0
10636	0
10640	0
10644	0
10648	0
10652	0
10656	0
10660	0
10664	0
10668	0
10672	0
10676	0
10680	0
10684	0
10688	0
10692	0
10696	0
10700	0
10704	0
10708	0
10712	0
10716	0
10720	0
10724	0
10728	0
10732	0
10736	0
10740	0
10744	0
10748	0
10752	0
10756	0
10760	0
10764	0
10768	0
10772	0
10776	0
10780	0
10784	0
10788	0
10792	0
10796	0
10800	0
10804	0
10808	0
10812	0
10816	0
10820	0
10824	0
10828	0
10832	0
10836	0
10840	0
10844	0
10848	0
10852	0
10856	0
10860	0
10864	0
10868	0
10872	0
10876	0
10880	0
10884	0
10888	0
10892	0
10896	0
10900	0
10904	0
10908	0
10912	0
10916	0
10920	0
10924	0
10928	0
10932	0
10936	0
10940	0
10944	0
10948	0
10952	0
10956	0
10960	0
10964	0
10968	0
10972	0
10976	0
10980	0
10984	0
10988	0
10992	0
10996	0
11000	0
11004	0
11008	0
11012	0
11016	0
11020	0
11024	0
11028	0
11032	0
11036	0
11040	0
11044	0
11048	0
11052	0
11056	0
11060	0
11064	0
11068	0
11072	0
11076	0
11080	0
11084	0
11088	0
11092	0
11096	0
11100	0
11104	0
11108	0
11112	0
11116	0
11120	0
11124	0
11128	0
11132	0
11136	0
11140	0
11144	0
11148	0
11152	0
11156	0
11160	0
11164	0
11168	0
11172	0
11176	0
11180	0
11184	0
11188	0
11192	0
11196	0
11200	0
11204	0
11208	0
11212	0
11216	0
11220	0
11224	0
11228	0
11232	0
11236	0
11240	0
11244	0
11248	0
11252	0
11256	0
11260	0
11264	0
11268	0
11272	0
11276	0
11280	0
11284	0
11288	0
11292	0
11296	0
11300	0
11304	0
11308	0
11312	0
11316	0
11320	0
11324	0
11328	0
11332	0
11336	0
11340	0
11344	0
11348	0
11352	0
11356	0
11360	0
11364	0
11368	0
11372	0
11376	0
11380	0
11384	0
11388	0
11392	0
11396	0
11400	0
11404	0
11408	0
11412	0
11416	0
11420	0
11424	0
11428	0
11432	0
11436	0
11440	0
11444	0
11448	0
11452	0
11456	0
11460	0
11464	0
11468	0
11472	0
11476	0
11480	0
11484	0
11488	0
11492	0
11496	0
11500	0
11504	0
11508	0
11512	0
11516	0
11520	0
11524	0
11528	0
11532	0
11536	0
11540	0
11544	0
11548	0
11552	0
11556	0
11560	0
11564	0
11568	0
11572	0
11576	0
11580	0
11584	0
11588	0
11592	0
11596	0
11600	0
11604	0
11608	0
11612	0
11616	0
11620	0
11624	0
11628	0
11632	0
11636	0
11640	0
11644	0
11648	0
11652	0
11656	0
11660	0
11664	0
11668	0
11672	0
11676	0
11680	0
11684	0
11688	0
11692	0
11696	0
11700	0
11704	0
11708	0
11712	0
11716	0
11720	0
11724	0
11728	0
11732	0
11736	0
11740	0
11744	0
11748	0
11752	0
11756	0
11760	0
11764	0
11768	0
11772	0
11776	0
11780	0
11784	0
11788	0
11792	0
11796	0
11800	0
11804	0
11808	0
11812	0
11816	0
11820	0
11824	0
11828	0
11832	0
11836	0
11840	0
11844	0
11848	0
11852	0
11856	0
11860	0
11864	0
11868	0
11872	0
11876	0
11880	0
11884	0
11888	0
11892	0
11896	0
11900	0
11904	0
11908	0
11912	0
11916	0
11920	0
11924	0
11928	0
11932	0
11936	0
11940	0
11944	0
11948	0
11952	0
11956	0
11960	0
11964	0
11968	0
11972	0
11976	0
11980	0
11984	0
11988	0
11992	0
11996	0
12000	0
12004	0
12008	0
12012	0
12016	0
12020	0
12024	0
12028	0
12032	0
12036	0
12040	0
12044	0
12048	0
12052	0
12056	0
12060	0
12064	0
12068	0
12072	0
12076	0
12080	0
12084	0
12088	0
12092	0
12096	0
12100	0
12104	0
12108	0
12112	0
12116	0
12120	0
12124	0
12128	0
12132	0
12136	0
12140	0
12144	0
12148	0
12152	0
12156	0
12160	0
12164	0
12168	0
12172	0
12176	0
12180	0
12184	0
12188	0
12192	0
12196	0
12200	0
12204	0
12208	0
12212	0
12216	0
12220	0
12224	0
12228	0
12232	0
12236	0
12240	0
12244	0
12248	0
12252	0
12256	0
12260	0
12264	0
12268	0
12272	0
12276	0
12280	0
12284	0
12288	0
12292	0
12296	0
12300	0
12304	0
12308	0
12312	0
12316	0
12320	0
12324	0
12328	0
12332	0
12336	0
12340	0
12344	0
12348	0
12352	0
12356	0
12360	0
12364	0
12368	0
12372	0
12376	0
12380	0
12384	0
12388	0
12392	0
12396	0
12400	0
12404	0
12408	0
12412	0
12416	0
12420	0
12424	0
12428	0
12432	0
12436	0
12440	0
12444	0
12448	0
12452	0
12456	0
12460	0
12464	0
12468	0
12472	0
12476	0
12480	0
12484	0
12488	0
12492	0
12496	0
12500	0
12504	0
12508	0
12512	0
12516	0
12520	0
12524	0
12528	0
12532	0
12536	0
12540	0
12544	0
12548	0
12552	0
12556	0
12560	0
12564	0
12568	0
12572	0
12576	0
12580	0
12584	0
12588	0
12592	0
12596	0
12600	0
12604	0
12608	0
12612	0
12616	0
12620	0
12624	0
12628	0
12632	0
12636	0
12640	0
12644	0
12648	0
12652	0
12656	0
12660	0
12664	0
12668	0
12672	0
12676	0
12680	0
12684	0
12688	0
12692	0
12696	0
12700	0
12704	0
12708	0
12712	0
12716	0
12720	0
12724	0
12728	0
12732	0
12736	0
12740	0
12744	0
12748	0
12752	0
12756	0
12760	0
12764	0
12768	0
12772	0
12776	0
12780	0
12784	0
12788	0
12792	0
12796	0
12800	0
12804	0
12808	0
12812	0
12816	0
12820	0
12824	0
12828	0
12832	0
12836	0
12840	0
12844	0
12848	0
12852	0
12856	0
12860	0
12864	0
12868	0
12872	0
12876	0
12880	0
12884	0
12888	0
12892	0
12896	0
12900	0
12904	0
12908	0
12912	0
12916	0
12920	0
12924	0
12928	0
12932	0
12936	0
12940	0
12944	0
12948	0
12952	0
12956	0
12960	0
12964	0
12968	0
12972	0
12976	0
12980	0
12984	0
12988	0
12992	0
12996	0
13000	0
13004	0
13008	0
13012	0
13016	0
13020	0
13024	0
13028	0
13032	0
13036	0
13040	0
13044	0
13048	0
13052	0
13056	0
13060	0
13064	0
13068	0
13072	0
13076	0
13080	0
13084	0
13088	0
13092	0
13096	0
13100	0
13104	0
13108	0
13112	0
13116	0
13120	0
13124	0
13128	0
13132	0
13136	0
13140	0
13144	0
13148	0
13152	0
13156	0
13160	0
13164	0
13168	0
13172	0
13176	0
13180	0
13184	0
13188	0
13192	0
13196	0
13200	0
13204	0
13208	0
13212	0
13216	0
13220	0
13224	0
13228	0
13232	0
13236	0
13240	0
13244	0
13248	0
13252	0
13256	0
13260	0
13264	0
13268	0
13272	0
13276	0
13280	0
13284	0
13288	0
13292	0
13296	0
13300	0
13304	0
13308	0
13312	0
13316	0
13320	0
13324	0
13328	0
13332	0
13336	0
13340	0
13344	0
13348	0
13352	0
13356	0
13360	0
13364	0
13368	0
13372	0
13376	0
13380	0
13384	0
13388	0
13392	0
13396	0
13400	0
13404	0
13408	0
13412	0
13416	0
13420	0
13424	0
13428	0
13432	0
13436	0
13440	0
13444	0
13448	0
13452	0
13456	0
13460	0
13464	0
13468	0
13472	0
13476	0
13480	0
13484	0
13488	0
13492	0
13496	0
13500	0
13504	0
13508	0
13512	0
13516	0
13520	0
13524	0
13528	0
13532	0
13536	0
13540	0
13544	0
13548	0
13552	0
13556	0
13560	0
13564	0
13568	0
13572	0
13576	0
13580	0
13584	0
13588	0
13592	0
13596	0
13600	0
13604	0
13608	0
13612	0
13616	0
13620	0
13624	0
13628	0
13632	0
13636	0
13640	0
13644	0
13648	0
13652	0
13656	0
13660	0
13664	0
13668	0
13672	0
13676	0
13680	0
13684	0
13688	0
13692	0
13696	0
13700	0
13704	0
13708	0
13712	0
13716	0
13720	0
13724	0
13728	0
13732	0
13736	0
13740	0
13744	0
13748	0
13752	0
13756	0
13760	0
13764	0
13768	0
13772	0
13776	0
13780	0
13784	0
13788	0
13792	0
13796	0
13800	0
13804	0
13808	0
13812	0
13816	0
13820	0
13824	0
13828	0
13832	0
13836	0
13840	0
13844	0
13848	0
13852	0
13856	0
13860	0
13864	0
13868	0
13872	0
13876	0
13880	0
13884	0
13888	0
13892	0
13896	0
13900	0
13904	0
13908	0
13912	0
13916	0
13920	0
13924	0
13928	0
13932	0
13936	0
13940	0
13944	0
13948	0
13952	0
13956	0
13960	0
13964	0
13968	0
13972	0
13976	0
13980	0
13984	0
13988	0
13992	0
13996	0
14000	0
14004	0
14008	0
14012	0
14016	0
14020	0
14024	0
14028	0
14032	0
14036	0
14040	0
14044	0
14048	0
14052	0
14056	0
14060	0
14064	0
14068	0
14072	0
14076	0
14080	0
14084	0
14088	0
14092	0
14096	0
14100	0
14104	0
14108	0
14112	0
14116	0
14120	0
14124	0
14128	0
14132	0
14136	0
14140	0
14144	0
14148	0
14152	0
14156	0
14160	0
14164	0
14168	0
14172	0
14176	0
14180	0
14184	0
14188	0
14192	0
14196	0
14200	0
14204	0
14208	0
14212	0
14216	0
14220	0
14224	0
14228	0
14232	0
14236	0
14240	0
14244	0
14248	0
14252	0
14256	0
14260	0
14264	0
14268	0
14272	0
14276	0
14280	0
14284	0
14288	0
14292	0
14296	0
14300	0
14304	0
14308	0
14312	0
14316	0
14320	0
14324	0
14328	0
14332	0
14336	0
14340	0
14344	0
14348	0
14352	0
14356	0
14360	0
14364	0
14368	0
14372	0
14376	0
14380	0
14384	0
14388	0
14392	0
14396	0
14400	0
14404	0
14408	0
14412	0
14416	0
14420	0
14424	0
14428	0
14432	0
14436	0
14440	0
14444	0
14448	0
14452	0
14456	0
14460	0
14464	0
14468	0
14472	0
14476	0
14480	0
14484	0
14488	0
14492	0
14496	0
14500	0
14504	0
14508	0
14512	0
14516	0
14520	0
14524	0
14528	0
14532	0
14536	0
14540	0
14544	0
14548	0
14552	0
14556	0
14560	0
14564	0
14568	0
14572	0
14576	0
14580	0
14584	0
14588	0
14592	0
14596	0
14600	0
14604	0
14608	0
14612	0
14616	0
14620	0
14624	0
14628	0
14632	0
14636	0
14640	0
14644	0
14648	0
14652	0
14656	0
14660	0
14664	0
14668	0
14672	0
14676	0
14680	0
14684	0
14688	0
14692	0
14696	0
14700	0
14704	0
14708	0
14712	0
14716	0
14720	0
14724	0
14728	0
14732	0
14736	0
14740	0
14744	0
14748	0
14752	0
14756	0
14760	0
14764	0
14768	0
14772	0
14776	0
14780	0
14784	0
14788	0
14792	0
14796	0
14800	0
14804	0
14808	0
14812	0
14816	0
14820	0
14824	0
14828	0
14832	0
14836	0
14840	0
14844	0
14848	0
14852	0
14856	0
14860	0
14864	0
14868	0
14872	0
14876	0
14880	0
14884	0
14888	0
14892	0
14896	0
14900	0
14904	0
14908	0
14912	0
14916	0
14920	0
14924	0
14928	0
14932	0
14936	0
14940	0
14944	0
14948	0
14952	0
14956	0
14960	0
14964	0
14968	0
14972	0
14976	0
14980	0
14984	0
14988	0
14992	0
14996	0
15000	0
15004	0
15008	0
15012	0
15016	0
15020	0
15024	0
15028	0
15032	0
15036	0
15040	0
15044	0
15048	0
15052	0
15056	0
15060	0
15064	0
15068	0
15072	0
15076	0
15080	0
15084	0
15088	0
15092	0
15096	0
15100	0
15104	0
15108	0
15112	0
15116	0
15120	0
15124	0
15128	0
15132	0
15136	0
15140	0
15144	0
15148	0
15152	0
15156	0
15160	0
15164	0
15168	0
15172	0
15176	0
15180	0
15184	0
15188	0
15192	0
15196	0
15200	0
15204	0
15208	0
15212	0
15216	0
15220	0
15224	0
15228	0
15232	0
15236	0
15240	0
15244	0
15248	0
15252	0
15256	0
15260	0
15264	0
15268	0
15272	0
15276	0
15280	0
15284	0
15288	0
15292	0
15296	0
15300	0
15304	0
15308	0
15312	0
15316	0
15320	0
15324	0
15328	0
15332	0
15336	0
15340	0
15344	0
15348	0
15352	0
15356	0
15360	0
15364	0
15368	0
15372	0
15376	0
15380	0
15384	0
15388	0
15392	0
15396	0
15400	0
15404	0
15408	0
15412	0
15416	0
15420	0
15424	0
15428	0
15432	0
15436	0
15440	0
15444	0
15448	0
15452	0
15456	0
15460	0
15464	0
15468	0
15472	0
15476	0
15480	0
15484	0
15488	0
15492	0
15496	0
15500	0
15504	0
15508	0
15512	0
15516	0
15520	0
15524	0
15528	0
15532	0
15536	0
15540	0
15544	0
15548	0
15552	0
15556	0
15560	0
15564	0
15568	0
15572	0
15576	0
15580	0
15584	0
15588	0
15592	0
15596	0
15600	0
15604	0
15608	0
15612	0
15616	0
15620	0
15624	0
15628	0
15632	0
15636	0
15640	0
15644	0
15648	0
15652	0
15656	0
15660	0
15664	0
15668	0
15672	0
15676	0
15680	0
15684	0
15688	0
15692	0
15696	0
15700	0
15704	0
15708	0
15712	0
15716	0
15720	0
15724	0
15728	0
15732	0
15736	0
15740	0
15744	0
15748	0
15752	0
15756	0
15760	0
15764	0
15768	0
15772	0
15776	0
15780	0
15784	0
15788	0
15792	0
15796	0
15800	0
15804	0
15808	0
15812	0
15816	0
15820	0
15824	0
15828	0
15832	0
15836	0
15840	0
15844	0
15848	0
15852	0
15856	0
15860	0
15864	0
15868	0
15872	0
15876	0
15880	0
15884	0
15888	0
15892	0
15896	0
15900	0
15904	0
15908	0
15912	0
15916	0
15920	0
15924	0
15928	0
15932	0
15936	0
15940	0
15944	0
15948	0
15952	0
15956	0
15960	0
15964	0
15968	0
15972	0
15976	0
15980	0
15984	0
15988	0
15992	0
15996	0
16000	0
16004	0
16008	0
16012	0
16016	0
16020	0
16024	0
16028	0
16032	0
16036	0
16040	0
16044	0
16048	0
16052	0
16056	0
16060	0
16064	0
16068	0
16072	0
16076	0
16080	0
16084	0
16088	0
16092	0
16096	0
16100	0
16104	0
16108	0
16112	0
16116	0
16120	0
16124	0
16128	0
16132	0
16136	0
16140	0
16144	0
16148	0
16152	0
16156	0
16160	0
16164	0
16168	0
16172	0
16176	0
16180	0
16184	0
16188	0
16192	0
16196	0
16200	0
16204	0
16208	0
16212	0
16216	0
16220	0
16224	0
16228	0
16232	0
16236	0
16240	0
16244	0
16248	0
16252	0
16256	0
16260	0
16264	0
16268	0
16272	0
16276	0
16280	0
16284	0
16288	0
16292	0
16296	0
16300	0
16304	0
16308	0
16312	0
16316	0
16320	0
16324	0
16328	0
16332	0
16336	0
16340	0
16344	0
16348	0
16352	0
16356	0
16360	0
16364	0
16368	0
16372	0
16376	0
16380	0
16384	0
16388	0
16392	0
16396	0
16400	0
16404	0
16408	0
16412	0
16416	0
16420	0
16424	0
16428	0
16432	0
16436	0
16440	0
16444	0
16448	0
16452	0
16456	0
16460	0
16464	0
16468	0
16472	0
16476	0
16480	0
16484	0
16488	0
16492	0
16496	0
16500	0
16504	0
16508	0
16512	0
16516	0
16520	0
16524	0
16528	0
16532	0
16536	0
16540	0
16544	0
16548	0
16552	0
16556	0
16560	0
16564	0
16568	0
16572	0
16576	0
16580	0
16584	0
16588	0
16592	0
16596	0
16600	0
16604	0
16608	0
16612	0
16616	0
16620	0
16624	0
16628	0
16632	0
16636	0
16640	0
16644	0
16648	0
16652	0
16656	0
16660	0
16664	0
16668	0
16672	0
16676	0
16680	0
16684	0
16688	0
16692	0
16696	0
16700	0
16704	0
16708	0
16712	0
16716	0
16720	0
16724	0
16728	0
16732	0
16736	0
16740	0
16744	0
16748	0
16752	0
16756	0
16760	0
16764	0
16768	0
16772	0
16776	0
16780	0
16784	0
16788	0
16792	0
16796	0
16800	0
16804	0
16808	0
16812	0
16816	0
16820	0
16824	0
16828	0
16832	0
16836	0
16840	0
16844	0
16848	0
16852	0
16856	0
16860	0
16864	0
16868	0
16872	0
16876	0
16880	0
16884	0
16888	0
16892	0
16896	0
16900	0
16904	0
16908	0
16912	0
16916	0
16920	0
16924	0
16928	0
16932	0
16936	0
16940	0
16944	0
16948	0
16952	0
16956	0
16960	0
16964	0
16968	0
16972	0
16976	0
16980	0
16984	0
16988	0
16992	0
16996	0
17000	0
17004	0
17008	0
17012	0
17016	0
17020	0
17024	0
17028	0
17032	0
17036	0
17040	0
17044	0
17048	0
17052	0
17056	0
17060	0
17064	0
17068	0
17072	0
17076	0
17080	0
17084	0
17088	0
17092	0
17096	0
17100	0
17104	0
17108	0
17112	0
17116	0
17120	0
17124	0
17128	0
17132	0
17136	0
17140	0
17144	0
17148	0
17152	0
17156	0
17160	0
17164	0
17168	0
17172	0
17176	0
17180	0
17184	0
17188	0
17192	0
17196	0
17200	0
17204	0
17208	0
17212	0
17216	0
17220	0
17224	0
17228	0
17232	0
17236	0
17240	0
17244	0
17248	0
17252	0
17256	0
17260	0
17264	0
17268	0
17272	0
17276	0
17280	0
17284	0
17288	0
17292	0
17296	0
17300	0
17304	0
17308	0
17312	0
17316	0
17320	0
17324	0
17328	0
17332	0
17336	0
17340	0
17344	0
17348	0
17352	0
17356	0
17360	0
17364	0
17368	0
17372	0
17376	0
17380	0
17384	0
17388	0
17392	0
17396	0
17400	0
17404	0
17408	0
17412	0
17416	0
17420	0
17424	0
17428	0
17432	0
17436	0
17440	0
17444	0
17448	0
17452	0
17456	0
17460	0
17464	0
17468	0
17472	0
17476	0
17480	0
17484	0
17488	0
17492	0
17496	0
17500	0
17504	0
17508	0
17512	0
17516	0
17520	0
17524	0
17528	0
17532	0
17536	0
17540	0
17544	0
17548	0
17552	0
17556	0
17560	0
17564	0
17568	0
17572	0
17576	0
17580	0
17584	0
17588	0
17592	0
17596	0
17600	0
17604	0
17608	0
17612	0
17616	0
17620	0
17624	0
17628	0
17632	0
17636	0
17640	0
17644	0
17648	0
17652	0
17656	0
17660	0
17664	0
17668	0
17672	0
17676	0
17680	0
17684	0
17688	0
17692	0
17696	0
17700	0
17704	0
17708	0
17712	0
17716	0
17720	0
17724	0
17728	0
17732	0
17736	0
17740	0
17744	0
17748	0
17752	0
17756	0
17760	0
17764	0
17768	0
17772	0
17776	0
17780	0
17784	0
17788	0
17792	0
17796	0
17800	0
17804	0
17808	0
17812	0
17816	0
17820	0
17824	0
17828	0
17832	0
17836	0
17840	0
17844	0
17848	0
17852	0
17856	0
17860	0
17864	0
17868	0
17872	0
17876	0
17880	0
17884	0
17888	0
17892	0
17896	0
17900	0
17904	0
17908	0
17912	0
17916	0
17920	0
17924	0
17928	0
17932	0
17936	0
17940	0
17944	0
17948	0
17952	0
17956	0
17960	0
17964	0
17968	0
17972	0
17976	0
17980	0
17984	0
17988	0
17992	0
17996	0
18000	0
18004	0
18008	0
18012	0
18016	0
18020	0
18024	0
18028	0
18032	0
18036	0
18040	0
18044	0
18048	0
18052	0
18056	0
18060	0
18064	0
18068	0
18072	0
18076	0
18080	0
18084	0
18088	0
18092	0
18096	0
18100	0
18104	0
18108	0
18112	0
18116	0
18120	0
18124	0
18128	0
18132	0
18136	0
18140	0
18144	0
18148	0
18152	0
18156	0
18160	0
18164	0
18168	0
18172	0
18176	0
18180	0
18184	0
18188	0
18192	0
18196	0
18200	0
18204	0
18208	0
18212	0
18216	0
18220	0
18224	0
18228	0
18232	0
18236	0
18240	0
18244	0
18248	0
18252	0
18256	0
18260	0
18264	0
18268	0
18272	0
18276	0
18280	0
18284	0
18288	0
18292	0
18296	0
18300	0
18304	0
18308	0
18312	0
18316	0
18320	0
18324	0
18328	0
18332	0
18336	0
18340	0
18344	0
18348	0
18352	0
18356	0
18360	0
18364	0
18368	0
18372	0
18376	0
18380	0
18384	0
18388	0
18392	0
18396	0
18400	0
18404	0
18408	0
18412	0
18416	0
18420	0
18424	0
18428	0
18432	0
18436	0
18440	0
18444	0
18448	0
18452	0
18456	0
18460	0
18464	0
18468	0
18472	0
18476	0
18480	0
18484	0
18488	0
18492	0
18496	0
18500	0
18504	0
18508	0
18512	0
18516	0
18520	0
18524	0
18528	0
18532	0
18536	0
18540	0
18544	0
18548	0
18552	0
18556	0
18560	0
18564	0
18568	0
18572	0
18576	0
18580	0
18584	0
18588	0
18592	0
18596	0
18600	0
18604	0
18608	0
18612	0
18616	0
18620	0
18624	0
18628	0
18632	0
18636	0
18640	0
18644	0
18648	0
18652	0
18656	0
18660	0
18664	0
18668	0
18672	0
18676	0
18680	0
18684	0
18688	0
18692	0
18696	0
18700	0
18704	0
18708	0
18712	0
18716	0
18720	0
18724	0
18728	0
18732	0
18736	0
18740	0
18744	0
18748	0
18752	0
18756	0
18760	0
18764	0
18768	0
18772	0
18776	0
18780	0
18784	0
18788	0
18792	0
18796	0
18800	0
18804	0
18808	0
18812	0
18816	0
18820	0
18824	0
18828	0
18832	0
18836	0
18840	0
18844	0
18848	0
18852	0
18856	0
18860	0
18864	0
18868	0
18872	0
18876	0
18880	0
18884	0
18888	0
18892	0
18896	0
18900	0
18904	0
18908	0
18912	0
18916	0
18920	0
18924	0
18928	0
18932	0
18936	0
18940	0
18944	0
18948	0
18952	0
18956	0
18960	0
18964	0
18968	0
18972	0
18976	0
18980	0
18984	0
18988	0
18992	0
18996	0
19000	0
19004	0
19008	0
19012	0
19016	0
19020	0
19024	0
19028	0
19032	0
19036	0
19040	0
19044	0
19048	0
19052	0
19056	0
19060	0
19064	0
19068	0
19072	0
19076	0
19080	0
19084	0
19088	0
19092	0
19096	0
19100	0
19104	0
19108	0
19112	0
19116	0
19120	0
19124	0
19128	0
19132	0
19136	0
19140	0
19144	0
19148	0
19152	0
19156	0
19160	0
19164	0
19168	0
19172	0
19176	0
19180	0
19184	0
19188	0
19192	0
19196	0
19200	0
19204	0
19208	0
19212	0
19216	0
19220	0
19224	0
19228	0
19232	0
19236	0
19240	0
19244	0
19248	0
19252	0
19256	0
19260	0
19264	0
19268	0
19272	0
19276	0
19280	0
19284	0
19288	0
19292	0
19296	0
19300	0
19304	0
19308	0
19312	0
19316	0
19320	0
19324	0
19328	0
19332	0
19336	0
19340	0
19344	0
19348	0
19352	0
19356	0
19360	0
19364	0
19368	0
19372	0
19376	0
19380	0
19384	0
19388	0
19392	0
19396	0
19400	0
19404	0
19408	0
19412	0
19416	0
19420	0
19424	0
19428	0
19432	0
19436	0
19440	0
19444	0
19448	0
19452	0
19456	0
19460	0
19464	0
19468	0
19472	0
19476	0
19480	0
19484	0
19488	0
19492	0
19496	0
19500	0
19504	0
19508	0
19512	0
19516	0
19520	0
19524	0
19528	0
19532	0
19536	0
19540	0
19544	0
19548	0
19552	0
19556	0
19560	0
19564	0
19568	0
19572	0
19576	0
19580	0
19584	0
19588	0
19592	0
19596	0
19600	0
19604	0
19608	0
19612	0
19616	0
19620	0
19624	0
19628	0
19632	0
19636	0
19640	0
19644	0
19648	0
19652	0
19656	0
19660	0
19664	0
19668	0
19672	0
19676	0
19680	0
19684	0
19688	0
19692	0
19696	0
19700	0
19704	0
19708	0
19712	0
19716	0
19720	0
19724	0
19728	0
19732	0
19736	0
19740	0
19744	0
19748	0
19752	0
19756	0
19760	0
19764	0
19768	0
19772	0
19776	0
19780	0
19784	0
19788	0
19792	0
19796	0
19800	0
19804	0
19808	0
19812	0
19816	0
19820	0
19824	0
19828	0
19832	0
19836	0
19840	0
19844	0
19848	0
19852	0
19856	0
19860	0
19864	0
19868	0
19872	0
19876	0
19880	0
19884	0
19888	0
19892	0
19896	0
19900	0
19904	0
19908	0
19912	0
19916	0
19920	0
19924	0
19928	0
19932	0
19936	0
19940	0
19944	0
19948	0
19952	0
19956	0
19960	0
19964	0
19968	0
19972	0
19976	0
19980	0
19984	0
19988	0
19992	0
19996	0
