16
136
800
3636
13568
43248
121088
304066
695808
1469376
2892896
5355776
9393248
15708416
25190912
38933183
58241552
84640616
119861472
165818164
224567072
298273744
389177632
499600754
631954144
788794240
972802944
1186826224
1433777504
1716694400
2038580032
2402589851
2811829424
3269648760
3779094496
4343287180
4964535104
5645133360
6386152096
7189224814
8054955648
8985549120
9981672736
11046305184
12179921184
13386226784
14665048416
16021774934
17457033664
18979065712
20587486048
22291510696
24087320064
25983512352
27970943936
30060960100
32243389440
34534857792
36920879296
39422982880
42020584384
44738283360
47547260896
50484118931
53517105936
56691915128
59962555392
63382705660
66886462144
70529852976
74228252832
78063604630
81941184896
85961186112
90007052960
94206093120
98411629344
102769439456
107113807072
111647796674
116180606560
120941938096
125697155200
130715128728
135692096704
140923806080
146074689760
151530738364
156898141568
162607752192
168206657472
174199379872
180027255744
186260838112
192312089696
198886317470
205277788832
212249876272
218998938112
226375030072
233390128256
241000522528
248184604096
256077992716
263470454016
271610246848
279184166976
287577756032
295237826240
303757074656
311563022432
320462704460
328582633056
337887649728
346345732960
356053953872
364629584704
374480962016
383194944736
393417108040
402325141376
412838449792
421959768320
432783360000
441893231616
452869364992
462245077632
473824242355
483563525792
495628262456
505698857456
518086182908
527934531936
540234191152
550045442960
562587821190
572234819776
584782918816
594305286880
606792754976
615736797792
628078822432
637150192240
650044500250
659200939120
672437457776
681726783920
695021090936
703612708704
716697924000
725313321200
738767624780
747102338560
760662268352
768948619520
782468574656
790022495616
803701939680
811856854016
826503058234
834762319664
849897363760
858258488880
873179794376
880289495904
894922399904
902102007664
916985267844
923355136960
938074365152
944052068992
958207635488
962812489024
977197453888
982664382336
998017872500
1003163590656
1018907123552
1023938138496
1038976188912
1042219566976
1057286904352
1061082836736
1076522548792
1079282363776
1094819416128
1097356306176
1112200488512
1113301180992
1129218555296
1131981274112
1148987757470
1151047892176
1168432563792
1170047067280
1185891180152
1184984548384
1201084196416
1200823508560
1216635049692
1214391601728
1229987583584
1227021286400
1241035234848
1236143209536
1251861059072
1249010602112
1265292673652
1261022092736
1277646476736
1272602944256
1286946091248
1279254899776
1294936857536
1288626128640
1303841595032
1295411694976
1311075636416
1302247699200
1316208035776
1306007574592
1323236154272
1315886732160
1333209090300
1323891160640
1341625235456
1331056331520
1345478459376
1332070616064
1348690864800
1336725852800
1351723271512
1336805668480
1352303811712
1336600819840
1349563313536
1332769928256
1350277995040
1336541854336
1353002537080
1336677827520
1353817378016
1335976712960
1349194590432
1329317820096
1346502490976
1328641806336
1343541576080
1322892086912
1339312482176
1318202968576
1331974523392
1310986799616
1331000320832
1313076036480
1330572770875
1309446926560
1327698041936
1304335126640
1317600417516
1292741453952
1310982378056
1287496848560
1301657062598
1274950456000
1290991616096
1263381211040
1276122669536
1249698241376
1269888768200
1245837540480
1261834658210
1234513015680
1251881152456
1222143966400
1234437195016
1204998366656
1224014843720
1195815429120
1209906224396
1179333128096
1196535708192
1165283575040
1179331246112
1150935402240
1173478767760
1146366180960
1162906544266
1132465860480
1150594272600
1117054221920
1129580278456
1097564511680
1117406876040
1085286716800
1098557726676
1064467580800
1081407841280
1046226746240
1059851114400
1029003757600
1051596281840
1020561507680
1035745354420
1002164701440
1019755279120
983094679840
995673030800
962706815616
983546987280
949616152160
963288361496
928758995840
947072558016
911412844160
926692551200
896780649440
920810277920
888745777920
903880891634
869856265824
887564287064
849845258080
862566473080
829799536384
850394871144
814829942784
827326432244
792243297664
809730335232
773053869952
787791583072
758072419104
780922837552
747320109536
760890110220
726829372896
743679564592
706133168416
719127196752
688263156256
708914959792
674171834336
686913731208
654209901696
672331236928
637807986816
653584595872
626674144096
649234602016
616566542592
629475433460
597387032736
613533366576
577584178080
590371516592
561803808384
581015505616
547074459360
558558627432
527882712448
544639053504
511789299840
526772183392
502002105696
522419737632
490773500672
502328057832
472837706016
487967642656
454979464576
467951285568
443076387936
461413921696
430437047040
441900351152
415343475456
431792489856
402744742400
417750626176
396545140992
415170234752
385973952000
396419185110
370333454400
383977293336
354226549040
366337190856
344572517744
360434994920
331875303760
341904433052
318579526720
333025379232
307054762560
320686149056
302233001616
318054558640
291520809216
300737425652
278394221872
290722430128
265161856960
276888793584
259051303056
273261906736
248617789056
258207117272
239235988992
252497883456
230678587776
243357793952
228201232896
241520715072
218247469440
226237497812
207579286320
218066682736
196266365120
206657490256
191803721872
203331673776
181901301120
190104553128
174455733760
185581964736
167206475520
178230459456
165720446976
176437544640
156579346560
163570350472
148656928000
157801513856
140186202240
149722810496
138212180736
147912582720
130372045440
137830106736
125829075456
135351105792
120601004160
130140125472
120199322880
128496251520
111921089280
117738879436
105924148560
113237258640
98960797760
106937402896
97721894640
105079251920
90641566080
96817581496
87453751040
95042943040
83258373120
91139028480
83278141440
89581627200
76241742720
81233913992
72373002240
78462776320
67532674560
74419765920
67590222336
73378743360
62142537600
67459556976
60634080000
66678134016
57604609920
63978289440
57894819840
62395681920
51827043840
55836447000
49155452160
53770698240
45348652160
50812678656
45548097536
49697909696
40954665856
45215162160
40179534336
44783922176
37896799616
42920327456
38325387776
41572425856
33546839040
36900717840
32206970880
35860630656
29735888000
34177188896
30426369792
33461008256
26990346240
30455468192
26942240000
30345026816
25249086720
29055372736
25578558720
27706947840
21675413760
24263859695
20879617440
23504850960
19003886720
22341447576
19544602896
21601481720
16833891360
19506096486
17044631136
19515012192
15823991040
18684128996
16169593440
17624040720
13300853280
15389685486
13151960640
15110500080
11992780800
14544547836
12611158560
14005134000
10654026240
12703302716
11038890720
12738828960
10112662560
12152317320
10298951520
11181456000
8102334240
9649098270
8105546400
9451654800
7264624640
9089776140
7705160736
8604443120
6266282880
7788612276
6685005600
7860355776
6046360320
7513496120
6235188960
6802498560
4725520800
5920214316
4957158336
5895467136
4453431840
5764031832
4829167200
5388926400
3829906080
4927854776
4194315840
4948188960
3704981280
4690754640
3776572800
4095611520
2692609920
3538941006
2901568800
3517784400
2549106560
3442088780
2800397600
3143540400
2114203520
2898584676
2435232800
2927724800
2109627520
2788345560
2186344160
2377826880
1491570080
2110345796
1729911040
2130471200
1522160640
2123143880
1699457760
1896614720
1243642400
1775459400
1469948480
1767365600
1226345120
1658948720
1246044800
1346945600
778377600
1198983020
959300160
1210431040
819538720
1211832440
935174240
1048727680
643362720
1008829640
824183360
1005644640
668988320
953192240
693813120
749228480
415775360
704175576
564907200
716899040
482562080
728830960
550309760
610850240
364524160
597911600
476636160
580099520
364524160
537336800
367727360
394954560
192192000
380350646
296552256
386642256
242962720
397112716
286414128
318766448
176384208
329565236
258145888
316604288
190798608
298145848
196804608
210738528
100580480
220599236
172492320
223871648
140700560
231279048
162017856
178226048
94174080
187235048
141261120
172780608
94814720
157805648
95135040
101060960
38438400
113877556
86188960
114468640
66569360
120722888
80070848
87950720
43563520
101263448
74625408
90929696
48688640
85115888
49649600
52692640
21141120
65719368
49832640
65208000
37797760
67818608
43243200
46926880
21141120
54845648
38118080
46286240
21141120
41801760
21141120
22102080
5765760
32579196
23668320
31399680
16867760
33834840
20250048
21956480
9609600
29005288
19568640
23526048
10832640
21890960
10920000
11487840
3669120
18536648
13465088
17527328
9085440
18143216
10221120
10876320
3843840
14913808
9172800
10876320
3843840
9828000
3843840
3931200
524160
8938488
6152640
7987200
3960320
8707920
4630080
4964960
1921920
7729488
4630080
5460000
2096640
5052320
2096640
2184000
524160
5006768
3407040
4324320
1921920
4411680
2096640
2184000
524160
3741920
1921920
2184000
524160
2009280
524160
524160
0
2322450
1485120
1878240
837200
2032940
946400
1001000
320320
1880060
960960
1110200
334880
1022840
334880
342160
43680
1280188
786240
950040
334880
957320
349440
356720
43680
848120
334880
356720
43680
342160
43680
43680
0
570908
331968
408408
160160
430248
174720
182000
43680
415688
174720
196560
43680
182000
43680
43680
0
306488
160160
182000
43680
182000
43680
43680
0
167440
43680
43680
0
43680
0
0
0
130508
67200
79800
25760
81480
26880
27440
3360
81480
26880
28560
3360
27440
3360
3360
0
66920
26880
28560
3360
28560
3360
3360
0
27440
3360
3360
0
3360
0
0
0
27608
12320
14000
3360
14000
3360
3360
0
14000
3360
3360
0
3360
0
0
0
12880
3360
3360
0
3360
0
0
0
3360
0
0
0
0
0
0
0
5300
1920
2040
240
2040
240
240
0
2040
240
240
0
240
0
0
0
2040
240
240
0
240
0
0
0
240
0
0
0
0
0
0
0
920
240
240
0
240
0
0
0
240
0
0
0
0
0
0
0
240
0
0
0
0
0
0
0
0
0
0
0
0
0
0
0
136
16
16
0
16
0
0
0
16
0
0
0
0
0
0
0
16
0
0
0
0
0
0
0
0
0
0
0
0
0
0
0
16
0
0
0
0
0
0
0
0
0
0
0
0
0
0
0
0
0
0
0
0
0
0
0
0
0
0
0
0
0
0
0
1
