0	0
4	0
8	194
12	484
16	849
20	1795
24	5226
28	8059
32	15965
36	22132
40	37159
44	53926
48	74530
52	98606
56	120297
60	153231
64	198539
68	242969
72	311491
76	408736
80	514191
84	701398
88	962332
92	1284326
96	1702042
100	2267887
104	2876891
108	3529492
112	4160195
116	4794314
120	5336339
124	5852897
128	6375284
132	7110838
136	8073652
140	9331773
144	10847544
148	12501982
152	14140070
156	15279378
160	16155956
164	16546300
168	16357453
172	16046514
176	15871904
180	16341150
184	17287888
188	18538162
192	19952476
196	21217950
200	22018980
204	22837776
208	24146786
212	26488652
216	30081458
220	35430354
224	42265028
228	49718434
232	56633295
236	62930190
240	68538556
244	72890315
248	77055763
252	83220235
256	92741694
260	105719318
264	121822266
268	138740525
272	154450292
276	165514753
280	170214343
284	170649612
288	166380586
292	161561135
296	158436599
300	160057828
304	166005547
308	173530088
312	180300765
316	182868434
320	179848919
324	172042707
328	162593506
332	154546247
336	150856088
340	151931208
344	156229321
348	162469833
352	166952588
356	167951749
360	165770407
364	162240153
368	159481496
372	160046540
376	165412298
380	175157595
384	187880474
388	198992324
392	206961754
396	208902196
400	205443710
404	197975927
408	190715361
412	185272242
416	183425013
420	184894649
424	188652638
428	192086439
432	193023334
436	191749195
440	189098856
444	187387276
448	187762967
452	192376609
456	198764199
460	206300945
464	211949183
468	213367004
472	211833841
476	208200188
480	204058766
484	202208795
488	205404929
492	212415100
496	221652303
500	230340439
504	236486633
508	238961299
512	240323560
516	243719859
520	252032966
524	267645905
528	291170011
532	319246860
536	348012059
540	374104168
544	395497614
548	412026897
552	428134279
556	448725805
560	479214697
564	523328025
568	578452349
572	638916310
576	693673738
580	733969510
584	751642004
588	748507317
592	732827393
596	713252788
600	698561596
604	697003676
608	707651369
612	724443655
616	738363267
620	741340015
624	729323368
628	703554114
632	670159886
636	640715132
640	621647196
644	617075914
648	624412626
652	635837681
656	647063190
660	648722266
664	641708386
668	628482262
672	617014801
676	612642988
680	620226288
684	640007814
688	665184265
692	689800575
696	703144371
700	701007734
704	682779325
708	652511098
712	616946909
716	584769666
720	560623749
724	545442241
728	535332741
732	525994413
736	513297479
740	493680682
744	468551575
748	441691304
752	417385009
756	397086425
760	382626797
764	372743971
768	363781348
772	354182930
776	341537038
780	326400771
784	310106508
788	295318499
792	284735249
796	278239077
800	274802411
804	273433270
808	271266968
812	268085421
816	262567401
820	256311347
824	252024882
828	249810642
832	250598240
836	254628496
840	260344916
844	264844997
848	267458822
852	268486806
856	269217411
860	270149702
864	273962669
868	282395556
872	293137261
876	305853265
880	316413843
884	323553682
888	324982390
892	320860295
896	312609487
900	302888178
904	292975312
908	284907595
912	279582213
916	276002518
920	272530879
924	269420610
928	264810073
932	259757776
936	254037252
940	249132656
944	245812402
948	244905488
952	246790232
956	251530440
960	258835855
964	266748017
968	276340164
972	285056395
976	294176784
980	303216528
984	312605379
988	322906055
992	336987138
996	354167138
1000	374730449
1004	398181609
1008	421177179
1012	441380627
1016	456119382
1020	462878141
1024	462276563
1028	456201628
1032	448485910
1036	440637117
1040	437485427
1044	437303389
1048	440127927
1052	441932486
1056	441707542
1060	434991265
1064	423529868
1068	409246493
1072	395499122
1076	385882255
1080	379884378
1084	379493208
1088	382363312
1092	385270529
1096	386437023
1100	385603964
1104	382444800
1108	379551010
1112	379347067
1116	384304951
1120	393837088
1124	405384709
1128	417900530
1132	427347241
1136	430223827
1140	427314358
1144	418955013
1148	407906831
1152	397054335
1156	389450492
1160	384878060
1164	382810498
1168	381866137
1172	380073908
1176	377351080
1180	372914837
1184	370380821
1188	368341219
1192	369744272
1196	373146397
1200	377791374
1204	382208385
1208	382929036
1212	381010208
1216	376424466
1220	371575228
1224	368337878
1228	368049060
1232	370852651
1236	376821013
1240	383602273
1244	388984987
1248	392497194
1252	395434630
1256	398987711
1260	404801713
1264	416133422
1268	432650570
1272	453388405
1276	475788460
1280	498111235
1284	517329384
1288	533732183
1292	549134849
1296	566413822
1300	589049304
1304	617176848
1308	650176266
1312	684906789
1316	715667814
1320	736935887
1324	745461724
1328	742388451
1332	726866681
1336	706980492
1340	687302292
1344	671004578
1348	659209971
1352	650976824
1356	644399147
1360	634438032
1364	617784678
1368	596343650
1372	572523366
1376	550184655
1380	531295910
1384	518769952
1388	511797883
1392	509077327
1396	506529588
1400	502672665
1404	495636403
1408	486147228
1412	475751365
1416	467057419
1420	462347407
1424	461123178
1428	462176375
1432	463031738
1436	459901709
1440	451252568
1444	436575198
1448	417453392
1452	394763497
1456	372698010
1460	352467301
1464	334699518
1468	319564088
1472	306966690
1476	293882827
1480	280469033
1484	267352122
1488	253443656
1492	241320704
1496	230779166
1500	222417353
1504	214598993
1508	208191093
1512	201336598
1516	193580785
1520	185673108
1524	176979527
1528	168657229
1532	161619205
1536	156188679
1540	151500593
1544	147639351
1548	144306309
1552	141274609
1556	137702233
1560	135200644
1564	132625095
1568	130995583
1572	130389648
1576	130722844
1580	131612721
1584	132339754
1588	132405645
1592	132076876
1596	131385628
1600	130571208
1604	130104804
1608	130073672
1612	130920816
1616	131646180
1620	132018812
1624	130958637
1628	129005636
1632	124840802
1636	120156829
1640	114210548
1644	108372637
1648	103011542
1652	97534669
1656	93257739
1660	89406980
1664	85807122
1668	82306323
1672	78969033
1676	75787713
1680	72821531
1684	70658508
1688	69000727
1692	68306312
1696	67495498
1700	67158923
1704	66890351
1708	66563098
1712	66346358
1716	65907852
1720	65347476
1724	64867995
1728	64190647
1732	63813301
1736	64107813
1740	63465373
1744	63254200
1748	63157550
1752	62792342
1756	61372808
1760	59350668
1764	57258494
1768	54846961
1772	52131095
1776	49384243
1780	47059648
1784	44918077
1788	42884881
1792	40965576
1796	39231945
1800	37489310
1804	35916142
1808	34077460
1812	32556191
1816	31035556
1820	30017633
1824	29177584
1828	28369881
1832	27705926
1836	27141071
1840	26569968
1844	26029505
1848	25408824
1852	25028927
1856	24832420
1860	24793882
1864	24877453
1868	25145142
1872	25116660
1876	25357786
1880	25501203
1884	25574579
1888	25714368
1892	25914101
1896	25997409
1900	26185424
1904	26445256
1908	26604511
1912	26586947
1916	26873203
1920	27073692
1924	27177256
1928	27592668
1932	28153838
1936	28587578
1940	29201969
1944	29604079
1948	29939230
1952	30182278
1956	30802747
1960	31280361
1964	32436190
1968	33508324
1972	34810705
1976	36312257
1980	37966279
1984	39799404
1988	41713431
1992	43929367
1996	46579347
2000	49570546
2004	52838612
2008	56436173
2012	60300933
2016	63090020
2020	65682418
2024	67423507
2028	68339161
2032	68643048
2036	68961647
2040	69036225
2044	69463545
2048	69864946
2052	70286551
2056	70187514
2060	69857675
2064	69030537
2068	67692439
2072	66073663
2076	64285243
2080	62987876
2084	62356735
2088	61553565
2092	61131681
2096	61080207
2100	60799878
2104	60642269
2108	60432449
2112	60285432
2116	60720540
2120	61266386
2124	62091594
2128	63182410
2132	63799877
2136	64163884
2140	63975286
2144	63454257
2148	62103700
2152	61106014
2156	59903717
2160	58658942
2164	57970382
2168	57116511
2172	56614258
2176	56215232
2180	55353516
2184	55034430
2188	54765369
2192	54591391
2196	54548335
2200	54343648
2204	54524817
2208	54391140
2212	54580741
2216	54422475
2220	53913861
2224	53629143
2228	53380316
2232	53602688
2236	54113075
2240	54543263
2244	55005209
2248	55680941
2252	56432260
2256	57301785
2260	58268926
2264	59720105
2268	61621074
2272	63771425
2276	66309919
2280	68983043
2284	71693712
2288	74114157
2292	77109960
2296	79822476
2300	82872226
2304	86427628
2308	90300098
2312	94001834
2316	97592426
2320	99899776
2324	101287002
2328	102092086
2332	101305279
2336	99937316
2340	98058596
2344	96081477
2348	94269093
2352	92610256
2356	90975653
2360	89104923
2364	86942728
2368	84583171
2372	82143684
2376	79356047
2380	77120303
2384	75434876
2388	73706694
2392	72694632
2396	71867711
2400	71047946
2404	70068456
2408	69221224
2412	68294414
2416	67298843
2420	66500719
2424	66078203
2428	65486477
2432	64987885
2436	64242097
2440	63000814
2444	61630990
2448	59495964
2452	57007540
2456	54370960
2460	51509156
2464	49225087
2468	46461354
2472	44532153
2476	42640284
2480	40444437
2484	38667907
2488	36911648
2492	35217490
2496	33787605
2500	32306762
2504	31052084
2508	29927503
2512	28869354
2516	27830165
2520	26692203
2524	25793741
2528	24749753
2532	23587950
2536	22862640
2540	22120956
2544	21469170
2548	20942582
2552	20447686
2556	20079542
2560	19741180
2564	19422773
2568	19423480
2572	19241577
2576	19149499
2580	19405048
2584	19513286
2588	19593822
2592	19697784
2596	19935671
2600	20094836
2604	20160555
2608	20405629
2612	20833127
2616	21005209
2620	21216753
2624	21475172
2628	21579498
2632	21403398
2636	21238127
2640	20821844
2644	20496817
2648	20022845
2652	19560324
2656	19182391
2660	18635670
2664	18301554
2668	18129458
2672	17825417
2676	17658114
2680	17516960
2684	17482556
2688	17367679
2692	17616607
2696	17715766
2700	17958764
2704	18474036
2708	18815571
2712	19439926
2716	19840087
2720	20507373
2724	20854958
2728	21630782
2732	22195183
2736	22746696
2740	23658138
2744	24333491
2748	24893499
2752	25597456
2756	25986962
2760	26226830
2764	26351048
2768	25984588
2772	25753683
2776	25302159
2780	24697924
2784	24125559
2788	23637313
2792	23259506
2796	22708903
2800	22217319
2804	21639480
2808	21008553
2812	20424386
2816	19805874
2820	19374417
2824	18891922
2828	18452281
2832	18344123
2836	18032040
2840	17895135
2844	17672659
2848	17365033
2852	17238913
2856	17107073
2860	17046246
2864	16950664
2868	17005708
2872	16775373
2876	16738309
2880	16519400
2884	16169123
2888	15690362
2892	15309764
2896	14962175
2900	14659601
2904	14316115
2908	14049074
2912	13739522
2916	13463686
2920	13408202
2924	13164514
2928	13003589
2932	12966728
2936	12923671
2940	12852463
2944	12774648
2948	12733892
2952	12559908
2956	12462525
2960	12270220
2964	12086929
2968	11858631
2972	11749913
2976	11590259
2980	11530068
2984	11484393
2988	11444219
2992	11403326
2996	11455603
3000	11600192
3004	11552116
3008	11717087
3012	11878783
3016	12130898
3020	12335096
3024	12609282
3028	12779618
3032	12861893
3036	13104822
3040	13281495
3044	13358705
3048	13399757
3052	13533602
3056	13557390
3060	13617888
3064	13249973
3068	13024925
3072	12736933
3076	12261552
3080	11698166
3084	11217246
3088	10689301
3092	10110598
3096	9725791
3100	9164977
3104	8736440
3108	8418703
3112	7881987
3116	7582169
3120	7205792
3124	6973866
3128	6682214
3132	6521872
3136	6261428
3140	6004654
3144	5787632
3148	5653087
3152	5470749
3156	5233515
3160	5076080
3164	4893783
3168	4663472
3172	4506015
3176	4320147
3180	4126972
3184	3906183
3188	3746318
3192	3539442
3196	3271990
3200	3061964
3204	2891536
3208	2709330
3212	2540091
3216	2371238
3220	2218654
3224	2103237
3228	1985367
3232	1887324
3236	1780740
3240	1710582
3244	1647375
3248	1603071
3252	1494559
3256	1466296
3260	1382087
3264	1322607
3268	1249344
3272	1183769
3276	1118114
3280	1078967
3284	995961
3288	995149
3292	929050
3296	899254
3300	887290
3304	857602
3308	839288
3312	847356
3316	839877
3320	825015
3324	828469
3328	818985
3332	809060
3336	797072
3340	812653
3344	765292
3348	769406
3352	762637
3356	736260
3360	705616
3364	712418
3368	669808
3372	650432
3376	641947
3380	605612
3384	584205
3388	537991
3392	519338
3396	494108
3400	472027
3404	437305
3408	424880
3412	400616
3416	390410
3420	359741
3424	360873
3428	348869
3432	367235
3436	351447
3440	321445
3444	328555
3448	336000
3452	333132
3456	330355
3460	331271
3464	340320
3468	338049
3472	317690
3476	320494
3480	315709
3484	329867
3488	298026
3492	303716
3496	296243
3500	285628
3504	278111
3508	249332
3512	255664
3516	249736
3520	227348
3524	228443
3528	201631
3532	189008
3536	173932
3540	162842
3544	151859
3548	147155
3552	136977
3556	137111
3560	124707
3564	118437
3568	115356
3572	115730
3576	117286
3580	109095
3584	106295
3588	107345
3592	105755
3596	98886
3600	105969
3604	106454
3608	108788
3612	108744
3616	103450
3620	98024
3624	111621
3628	100485
3632	102908
3636	107896
3640	103360
3644	101348
3648	108857
3652	104878
3656	103386
3660	103839
3664	99637
3668	104697
3672	110531
3676	102685
3680	99472
3684	100746
3688	97836
3692	102182
3696	104031
3700	102198
3704	107020
3708	103469
3712	112697
3716	105015
3720	117158
3724	124469
3728	117511
3732	125842
3736	117078
3740	129804
3744	126986
3748	134311
3752	137232
3756	137066
3760	135362
3764	133251
3768	130203
3772	142320
3776	126742
3780	124104
3784	120618
3788	116803
3792	122886
3796	98716
3800	105647
3804	99368
3808	102635
3812	88158
3816	90235
3820	80120
3824	84802
3828	73502
3832	76248
3836	70397
3840	71803
3844	66643
3848	61600
3852	72052
3856	62932
3860	60523
3864	63657
3868	63330
3872	55580
3876	60685
3880	57364
3884	59924
3888	51416
3892	49991
3896	48742
3900	43826
3904	47915
3908	47847
3912	45297
3916	45325
3920	36240
3924	41967
3928	41279
3932	40939
3936	37968
3940	41751
3944	40560
3948	36149
3952	38024
3956	39025
3960	38130
3964	38390
3968	34210
3972	37099
3976	32802
3980	34594
3984	34017
3988	32903
3992	32696
3996	35807
4000	28113
4004	33648
4008	35200
4012	33436
4016	29128
4020	35612
4024	32747
4028	34413
4032	35409
4036	34328
4040	37582
4044	35414
4048	39391
4052	38394
4056	29760
4060	31178
4064	33418
4068	34649
4072	31147
4076	35200
4080	30918
4084	28620
4088	31890
4092	26808
4096	27246
4100	23197
4104	23743
4108	22329
4112	24853
4116	26566
4120	22737
4124	26161
4128	21512
4132	26116
4136	25795
4140	24294
4144	28234
4148	29547
4152	27501
4156	31772
4160	29201
4164	29719
4168	33086
4172	35023
4176	31804
4180	36561
4184	37327
4188	37610
4192	32186
4196	36797
4200	38393
4204	44022
4208	35391
4212	41340
4216	48648
4220	50591
4224	52005
4228	56635
4232	51560
4236	64626
4240	68907
4244	74632
4248	81846
4252	88169
4256	95774
4260	97664
4264	100758
4268	111840
4272	118566
4276	121744
4280	129222
4284	127903
4288	129071
4292	127287
4296	134451
4300	148402
4304	140683
4308	146094
4312	139014
4316	137591
4320	142317
4324	132074
4328	135879
4332	126002
4336	140094
4340	131896
4344	131419
4348	133199
4352	132647
4356	140665
4360	137263
4364	127942
4368	137510
4372	132641
4376	134028
4380	145337
4384	140621
4388	139450
4392	145195
4396	143608
4400	149680
4404	146588
4408	152956
4412	141100
4416	136551
4420	139373
4424	128337
4428	139579
4432	135537
4436	123885
4440	128038
4444	133716
4448	127989
4452	122329
4456	131800
4460	132175
4464	130550
4468	127473
4472	134216
4476	126977
4480	127206
4484	130606
4488	140383
4492	129103
4496	129792
4500	134865
4504	137029
4508	141765
4512	140452
4516	137119
4520	142893
4524	150039
4528	144745
4532	160199
4536	173815
4540	169683
4544	179588
4548	181287
4552	182468
4556	212257
4560	202872
4564	214539
4568	217562
4572	232507
4576	240892
4580	236901
4584	230290
4588	242594
4592	231287
4596	222425
4600	227369
4604	236218
4608	225642
4612	211737
4616	208482
4620	208647
4624	202672
4628	209190
4632	204814
4636	191028
4640	191621
4644	180937
4648	181160
4652	173065
4656	171667
4660	172469
4664	174937
4668	173761
4672	165528
4676	168963
4680	159206
4684	164680
4688	154877
4692	152193
4696	156445
4700	143620
4704	135070
4708	141418
4712	138794
4716	122334
4720	121838
4724	121228
4728	116138
4732	108168
4736	105722
4740	98478
4744	92382
4748	87997
4752	83786
4756	81808
4760	77709
4764	75553
4768	75387
4772	74836
4776	77699
4780	72075
4784	60113
4788	57541
4792	54453
4796	60589
4800	51926
4804	53510
4808	52648
4812	45762
4816	51320
4820	47860
4824	47763
4828	50082
4832	44609
4836	48340
4840	42388
4844	51714
4848	51150
4852	39654
4856	45864
4860	47437
4864	45144
4868	52346
4872	48878
4876	52906
4880	46805
4884	50152
4888	55082
4892	50939
4896	53157
4900	52398
4904	47145
4908	46909
4912	48623
4916	41844
4920	43771
4924	46905
4928	42315
4932	39915
4936	43134
4940	43722
4944	40529
4948	42352
4952	40238
4956	47476
4960	46268
4964	42789
4968	43093
4972	43941
4976	52223
4980	49273
4984	50547
4988	48437
4992	50904
4996	54374
5000	47324
5004	58101
5008	59522
5012	62624
5016	61321
5020	64540
5024	62353
5028	56245
5032	61940
5036	56902
5040	57059
5044	56964
5048	58191
5052	59001
5056	49470
5060	48393
5064	51776
5068	50700
5072	49421
5076	55988
5080	47034
5084	43999
5088	41004
5092	45092
5096	40182
5100	38301
5104	45641
5108	45441
5112	38019
5116	39566
5120	39384
5124	39855
5128	40650
5132	40859
5136	41358
5140	39150
5144	38104
5148	36398
5152	38060
5156	36343
5160	39703
5164	38042
5168	32609
5172	30910
5176	32979
5180	36821
5184	34703
5188	33125
5192	31303
5196	35267
5200	29096
5204	27445
5208	30836
5212	29151
5216	29490
5220	29797
5224	25904
5228	28234
5232	28421
5236	29762
5240	23447
5244	28893
5248	26943
5252	29949
5256	26871
5260	29001
5264	28216
5268	28972
5272	29354
5276	32187
5280	29094
5284	25754
5288	32099
5292	27546
5296	26191
5300	29754
5304	30190
5308	35101
5312	33445
5316	33914
5320	29469
5324	25729
5328	31122
5332	29467
5336	31777
5340	25211
5344	26216
5348	27269
5352	25715
5356	24266
5360	21666
5364	22282
5368	17092
5372	20031
5376	16632
5380	17507
5384	19720
5388	16516
5392	14743
5396	12113
5400	15073
5404	13706
5408	13963
5412	13816
5416	9424
5420	11059
5424	11337
5428	12225
5432	7925
5436	11526
5440	9220
5444	10142
5448	8988
5452	8174
5456	8102
5460	7301
5464	6477
5468	7577
5472	6497
5476	5145
5480	6016
5484	6938
5488	3627
5492	4537
5496	4896
5500	5306
5504	3681
5508	4541
5512	3816
5516	2574
5520	2784
5524	2980
5528	1905
5532	2531
5536	2774
5540	2277
5544	2402
5548	2292
5552	2408
5556	3074
5560	2578
5564	3061
5568	1265
5572	1838
5576	1804
5580	1529
5584	1688
5588	2296
5592	2391
5596	2000
5600	1803
5604	2404
5608	2067
5612	1277
5616	1995
5620	1742
5624	1952
5628	2584
5632	1552
5636	1032
5640	1627
5644	1281
5648	2003
5652	350
5656	1589
5660	787
5664	1936
5668	475
5672	810
5676	865
5680	805
5684	896
5688	267
5692	1580
5696	827
5700	504
5704	254
5708	1403
5712	869
5716	1288
5720	771
5724	1168
5728	224
5732	390
5736	715
5740	1238
5744	498
5748	222
5752	467
5756	430
5760	1123
5764	1056
5768	516
5772	202
5776	501
5780	709
5784	252
5788	81
5792	270
5796	177
5800	641
5804	293
5808	98
5812	402
5816	203
5820	388
5824	146
5828	29
5832	376
5836	85
5840	204
5844	610
5848	505
5852	4
5856	666
5860	370
5864	620
5868	121
5872	0
5876	0
5880	237
5884	96
5888	279
5892	541
5896	1108
5900	0
5904	832
5908	259
5912	42
5916	1288
5920	618
5924	329
5928	488
5932	543
5936	1015
5940	161
5944	267
5948	194
5952	301
5956	926
5960	474
5964	1139
5968	549
5972	375
5976	412
5980	686
5984	548
5988	1144
5992	1618
5996	163
6000	842
6004	1138
6008	343
6012	1254
6016	1065
6020	1382
6024	793
6028	861
6032	782
6036	546
6040	791
6044	1039
6048	516
6052	378
6056	951
6060	617
6064	1733
6068	713
6072	662
6076	566
6080	572
6084	733
6088	577
6092	1537
6096	1054
6100	648
6104	249
6108	283
6112	410
6116	683
6120	0
6124	524
6128	501
6132	718
6136	428
6140	927
6144	1027
6148	460
6152	209
6156	1335
6160	627
6164	416
6168	894
6172	718
6176	810
6180	640
6184	336
6188	502
6192	204
6196	297
6200	24
6204	980
6208	316
6212	1239
6216	778
6220	475
6224	727
6228	486
6232	390
6236	248
6240	481
6244	127
6248	397
6252	491
6256	275
6260	293
6264	832
6268	943
6272	344
6276	759
6280	773
6284	424
6288	604
6292	534
6296	109
6300	290
6304	1410
6308	588
6312	882
6316	877
6320	815
6324	483
6328	0
6332	471
6336	817
6340	132
6344	359
6348	261
6352	120
6356	791
6360	507
6364	742
6368	483
6372	163
6376	233
6380	381
6384	372
6388	111
6392	144
6396	323
6400	661
6404	257
6408	358
6412	502
6416	211
6420	416
6424	0
6428	414
6432	0
6436	136
6440	312
6444	251
6448	410
6452	0
6456	52
6460	0
6464	127
6468	544
6472	105
6476	211
6480	0
6484	0
6488	0
6492	382
6496	0
6500	0
6504	96
6508	119
6512	86
6516	96
6520	0
6524	0
6528	0
6532	0
6536	0
6540	3
6544	0
6548	0
6552	0
6556	0
6560	0
6564	0
6568	143
6572	0
6576	29
6580	0
6584	79
6588	0
6592	0
6596	76
6600	258
6604	0
6608	0
6612	0
6616	0
6620	286
6624	0
6628	0
6632	0
6636	2
6640	0
6644	0
6648	0
6652	400
6656	67
6660	0
6664	0
6668	19
6672	0
6676	202
6680	0
6684	0
6688	236
6692	0
6696	103
6700	0
6704	126
6708	0
6712	164
6716	0
6720	41
6724	120
6728	0
6732	0
6736	0
6740	0
6744	0
6748	0
6752	0
6756	0
6760	0
6764	417
6768	477
6772	0
6776	0
6780	0
6784	0
6788	0
6792	0
6796	0
6800	0
6804	0
6808	0
6812	0
6816	67
6820	147
6824	0
6828	135
6832	0
6836	0
6840	0
6844	0
6848	0
6852	0
6856	0
6860	0
6864	0
6868	0
6872	0
6876	0
6880	0
6884	0
6888	0
6892	0
6896	0
6900	0
6904	0
6908	0
6912	0
6916	0
6920	0
6924	0
6928	0
6932	0
6936	0
6940	0
6944	0
6948	0
6952	0
6956	0
6960	0
6964	0
6968	0
6972	0
6976	0
6980	0
6984	0
6988	0
6992	0
6996	0
7000	0
7004	0
7008	0
7012	0
7016	0
7020	0
7024	0
7028	0
7032	0
7036	0
7040	0
7044	0
7048	0
7052	0
7056	0
7060	0
7064	0
7068	0
7072	0
7076	0
7080	0
7084	0
7088	0
7092	0
7096	0
7100	0
7104	0
7108	0
7112	0
7116	0
7120	0
7124	0
7128	0
7132	0
7136	0
7140	0
7144	0
7148	0
7152	0
7156	0
7160	0
7164	0
7168	0
7172	0
7176	0
7180	0
7184	0
7188	0
7192	0
7196	0
7200	0
7204	0
7208	0
7212	0
7216	0
7220	0
7224	0
7228	0
7232	0
7236	0
7240	0
7244	0
7248	0
7252	0
7256	0
7260	0
7264	0
7268	0
7272	0
7276	0
7280	0
7284	0
7288	0
7292	0
7296	0
7300	0
7304	0
7308	0
7312	0
7316	0
7320	0
7324	0
7328	0
7332	0
7336	0
7340	0
7344	0
7348	0
7352	0
7356	0
7360	0
7364	0
7368	0
7372	0
7376	0
7380	0
7384	0
7388	0
7392	0
7396	0
7400	0
7404	0
7408	0
7412	0
7416	0
7420	0
7424	0
7428	0
7432	0
7436	0
7440	0
7444	0
7448	0
7452	0
7456	0
7460	0
7464	0
7468	0
7472	0
7476	0
7480	0
7484	0
7488	0
7492	0
7496	0
7500	0
7504	0
7508	0
7512	0
7516	0
7520	0
7524	0
7528	0
7532	0
7536	0
7540	0
7544	0
7548	0
7552	0
7556	0
7560	0
7564	0
7568	0
7572	0
7576	0
7580	0
7584	0
7588	0
7592	0
7596	0
7600	0
7604	0
7608	0
7612	0
7616	0
7620	0
7624	0
7628	0
7632	0
7636	0
7640	0
7644	0
7648	0
7652	0
7656	0
7660	0
7664	0
7668	0
7672	0
7676	0
7680	0
7684	0
7688	0
7692	0
7696	0
7700	0
7704	0
7708	0
7712	0
7716	0
7720	0
7724	0
7728	0
7732	0
7736	0
7740	0
7744	0
7748	0
7752	0
7756	0
7760	0
7764	0
7768	0
7772	0
7776	0
7780	0
7784	0
7788	0
7792	0
7796	0
7800	0
7804	0
7808	0
7812	0
7816	0
7820	0
7824	0
7828	0
7832	0
7836	0
7840	0
7844	0
7848	0
7852	0
7856	0
7860	0
7864	0
7868	0
7872	0
7876	0
7880	0
7884	0
7888	0
7892	0
7896	0
7900	0
7904	0
7908	0
7912	0
7916	0
7920	0
7924	0
7928	0
7932	0
7936	0
7940	0
7944	0
7948	0
7952	0
7956	0
7960	0
7964	0
7968	0
7972	0
7976	0
7980	0
7984	0
7988	0
7992	0
7996	0
8000	0
8004	0
8008	0
8012	0
8016	0
8020	0
8024	0
8028	0
8032	0
8036	0
8040	0
8044	0
8048	0
8052	0
8056	0
8060	0
8064	0
8068	0
8072	0
8076	0
8080	0
8084	0
8088	0
8092	0
8096	0
8100	0
8104	0
8108	0
8112	0
8116	0
8120	0
8124	0
8128	0
8132	0
8136	0
8140	0
8144	0
8148	0
8152	0
8156	0
8160	0
8164	0
8168	0
8172	0
8176	0
8180	0
8184	0
8188	0
8192	0
8196	0
8200	0
8204	0
8208	0
8212	0
8216	0
8220	0
8224	0
8228	0
8232	0
8236	0
8240	0
8244	0
8248	0
8252	0
8256	0
8260	0
8264	0
8268	0
8272	0
8276	0
8280	0
8284	0
8288	0
8292	0
8296	0
8300	0
8304	0
8308	0
8312	0
8316	0
8320	0
8324	0
8328	0
8332	0
8336	0
8340	0
8344	0
8348	0
8352	0
8356	0
8360	0
8364	0
8368	0
8372	0
8376	0
8380	0
8384	0
8388	0
8392	0
8396	0
8400	0
8404	0
8408	0
8412	0
8416	0
8420	0
8424	0
8428	0
8432	0
8436	0
8440	0
8444	0
8448	0
8452	0
8456	0
8460	0
8464	0
8468	0
8472	0
8476	0
8480	0
8484	0
8488	0
8492	0
8496	0
8500	0
8504	0
8508	0
8512	0
8516	0
8520	0
8524	0
8528	0
8532	0
8536	0
8540	0
8544	0
8548	0
8552	0
8556	0
8560	0
8564	0
8568	0
8572	0
8576	0
8580	0
8584	0
8588	0
8592	0
8596	0
8600	0
8604	0
8608	0
8612	0
8616	0
8620	0
8624	0
8628	0
8632	0
8636	0
8640	0
8644	0
8648	0
8652	0
8656	0
8660	0
8664	0
8668	0
8672	0
8676	0
8680	0
8684	0
8688	0
8692	0
8696	0
8700	0
8704	0
8708	0
8712	0
8716	0
8720	0
8724	0
8728	0
8732	0
8736	0
8740	0
8744	0
8748	0
8752	0
8756	0
8760	0
8764	0
8768	0
8772	0
8776	0
8780	0
8784	0
8788	0
8792	0
8796	0
8800	0
8804	0
8808	0
8812	0
8816	0
8820	0
8824	0
8828	0
8832	0
8836	0
8840	0
8844	0
8848	0
8852	0
8856	0
8860	0
8864	0
8868	0
8872	0
8876	0
8880	0
8884	0
8888	0
8892	0
8896	0
8900	0
8904	0
8908	0
8912	0
8916	0
8920	0
8924	0
8928	0
8932	0
8936	0
8940	0
8944	0
8948	0
8952	0
8956	0
8960	0
8964	0
8968	0
8972	0
8976	0
8980	0
8984	0
8988	0
8992	0
8996	0
9000	0
9004	0
9008	0
9012	0
9016	0
9020	0
9024	0
9028	0
9032	0
9036	0
9040	0
9044	0
9048	0
9052	0
9056	0
9060	0
9064	0
9068	0
9072	0
9076	0
9080	0
9084	0
9088	0
9092	0
9096	0
9100	0
9104	0
9108	0
9112	0
9116	0
9120	0
9124	0
9128	0
9132	0
9136	0
9140	0
9144	0
9148	0
9152	0
9156	0
9160	0
9164	0
9168	0
9172	0
9176	0
9180	0
9184	0
9188	0
9192	0
9196	0
9200	0
9204	0
9208	0
9212	0
9216	0
9220	0
9224	0
9228	0
9232	0
9236	0
9240	0
9244	0
9248	0
9252	0
9256	0
9260	0
9264	0
9268	0
9272	0
9276	0
9280	0
9284	0
9288	0
9292	0
9296	0
9300	0
9304	0
9308	0
9312	0
9316	0
9320	0
9324	0
9328	0
9332	0
9336	0
9340	0
9344	0
9348	0
9352	0
9356	0
9360	0
9364	0
9368	0
9372	0
9376	0
9380	0
9384	0
9388	0
9392	0
9396	0
9400	0
9404	0
9408	0
9412	0
9416	0
9420	0
9424	0
9428	0
9432	0
9436	0
9440	0
9444	0
9448	0
9452	0
9456	0
9460	0
9464	0
9468	0
9472	0
9476	0
9480	0
9484	0
9488	0
9492	0
9496	0
9500	0
9504	0
9508	0
9512	0
9516	0
9520	0
9524	0
9528	0
9532	0
9536	0
9540	0
9544	0
9548	0
9552	0
9556	0
9560	0
9564	0
9568	0
9572	0
9576	0
9580	0
9584	0
9588	0
9592	0
9596	0
9600	0
9604	0
9608	0
9612	0
9616	0
9620	0
9624	0
9628	0
9632	0
9636	0
9640	0
9644	0
9648	0
9652	0
9656	0
9660	0
9664	0
9668	0
9672	0
9676	0
9680	0
9684	0
9688	0
9692	0
9696	0
9700	0
9704	0
9708	0
9712	0
9716	0
9720	0
9724	0
9728	0
9732	0
9736	0
9740	0
9744	0
9748	0
9752	0
9756	0
9760	0
9764	0
9768	0
9772	0
9776	0
9780	0
9784	0
9788	0
9792	0
9796	0
9800	0
9804	0
9808	0
9812	0
9816	0
9820	0
9824	0
9828	0
9832	0
9836	0
9840	0
9844	0
9848	0
9852	0
9856	0
9860	0
9864	0
9868	0
9872	0
9876	0
9880	0
9884	0
9888	0
9892	0
9896	0
9900	0
9904	0
9908	0
9912	0
9916	0
9920	0
9924	0
9928	0
9932	0
9936	0
9940	0
9944	0
9948	0
9952	0
9956	0
9960	0
9964	0
9968	0
9972	0
9976	0
9980	0
9984	0
9988	0
9992	0
9996	0
10000	0
10004	0
10008	0
10012	0
10016	0
10020	0
10024	0
10028	0
10032	0
10036	0
10040	0
10044	0
10048	0
10052	0
10056	0
10060	0
10064	0
10068	0
10072	0
10076	0
10080	0
10084	0
10088	0
10092	0
10096	0
10100	0
10104	0
10108	0
10112	0
10116	0
10120	0
10124	0
10128	0
10132	0
10136	0
10140	0
10144	0
10148	0
10152	0
10156	0
10160	0
10164	0
10168	0
10172	0
10176	0
10180	0
10184	0
10188	0
10192	0
10196	0
10200	0
10204	0
10208	0
10212	0
10216	0
10220	0
10224	0
10228	0
10232	0
10236	0
10240	0
10244	0
10248	0
10252	0
10256	0
10260	0
10264	0
10268	0
10272	0
10276	0
10280	0
10284	0
10288	0
10292	0
10296	0
10300	0
10304	0
10308	0
10312	0
10316	0
10320	0
10324	0
10328	0
10332	0
10336	0
10340	0
10344	0
10348	0
10352	0
10356	0
10360	0
10364	0
10368	0
10372	0
10376	0
10380	0
10384	0
10388	0
10392	0
10396	0
10400	0
10404	0
10408	0
10412	0
10416	0
10420	0
10424	0
10428	0
10432	0
10436	0
10440	0
10444	0
10448	0
10452	0
10456	0
10460	0
10464	0
10468	0
10472	0
10476	0
10480	0
10484	0
10488	0
10492	0
10496	0
10500	0
10504	0
10508	0
10512	0
10516	0
10520	0
10524	0
10528	0
10532	0
10536	0
10540	0
10544	0
10548	0
10552	0
10556	0
10560	0
10564	0
10568	0
10572	0
10576	0
10580	0
10584	0
10588	0
10592	0
10596	0
10600	0
10604	0
10608	0
10612	0
10616	0
10620	0
10624	0
10628	0
10632	0
10636	0
10640	0
10644	0
10648	0
10652	0
10656	0
10660	0
10664	0
10668	0
10672	0
10676	0
10680	0
10684	0
10688	0
10692	0
10696	0
10700	0
10704	0
10708	0
10712	0
10716	0
10720	0
10724	0
10728	0
10732	0
10736	0
10740	0
10744	0
10748	0
10752	0
10756	0
10760	0
10764	0
10768	0
10772	0
10776	0
10780	0
10784	0
10788	0
10792	0
10796	0
10800	0
10804	0
10808	0
10812	0
10816	0
10820	0
10824	0
10828	0
10832	0
10836	0
10840	0
10844	0
10848	0
10852	0
10856	0
10860	0
10864	0
10868	0
10872	0
10876	0
10880	0
10884	0
10888	0
10892	0
10896	0
10900	0
10904	0
10908	0
10912	0
10916	0
10920	0
10924	0
10928	0
10932	0
10936	0
10940	0
10944	0
10948	0
10952	0
10956	0
10960	0
10964	0
10968	0
10972	0
10976	0
10980	0
10984	0
10988	0
10992	0
10996	0
11000	0
11004	0
11008	0
11012	0
11016	0
11020	0
11024	0
11028	0
11032	0
11036	0
11040	0
11044	0
11048	0
11052	0
11056	0
11060	0
11064	0
11068	0
11072	0
11076	0
11080	0
11084	0
11088	0
11092	0
11096	0
11100	0
11104	0
11108	0
11112	0
11116	0
11120	0
11124	0
11128	0
11132	0
11136	0
11140	0
11144	0
11148	0
11152	0
11156	0
11160	0
11164	0
11168	0
11172	0
11176	0
11180	0
11184	0
11188	0
11192	0
11196	0
11200	0
11204	0
11208	0
11212	0
11216	0
11220	0
11224	0
11228	0
11232	0
11236	0
11240	0
11244	0
11248	0
11252	0
11256	0
11260	0
11264	0
11268	0
11272	0
11276	0
11280	0
11284	0
11288	0
11292	0
11296	0
11300	0
11304	0
11308	0
11312	0
11316	0
11320	0
11324	0
11328	0
11332	0
11336	0
11340	0
11344	0
11348	0
11352	0
11356	0
11360	0
11364	0
11368	0
11372	0
11376	0
11380	0
11384	0
11388	0
11392	0
11396	0
11400	0
11404	0
11408	0
11412	0
11416	0
11420	0
11424	0
11428	0
11432	0
11436	0
11440	0
11444	0
11448	0
11452	0
11456	0
11460	0
11464	0
11468	0
11472	0
11476	0
11480	0
11484	0
11488	0
11492	0
11496	0
11500	0
11504	0
11508	0
11512	0
11516	0
11520	0
11524	0
11528	0
11532	0
11536	0
11540	0
11544	0
11548	0
11552	0
11556	0
11560	0
11564	0
11568	0
11572	0
11576	0
11580	0
11584	0
11588	0
11592	0
11596	0
11600	0
11604	0
11608	0
11612	0
11616	0
11620	0
11624	0
11628	0
11632	0
11636	0
11640	0
11644	0
11648	0
11652	0
11656	0
11660	0
11664	0
11668	0
11672	0
11676	0
11680	0
11684	0
11688	0
11692	0
11696	0
11700	0
11704	0
11708	0
11712	0
11716	0
11720	0
11724	0
11728	0
11732	0
11736	0
11740	0
11744	0
11748	0
11752	0
11756	0
11760	0
11764	0
11768	0
11772	0
11776	0
11780	0
11784	0
11788	0
11792	0
11796	0
11800	0
11804	0
11808	0
11812	0
11816	0
11820	0
11824	0
11828	0
11832	0
11836	0
11840	0
11844	0
11848	0
11852	0
11856	0
11860	0
11864	0
11868	0
11872	0
11876	0
11880	0
11884	0
11888	0
11892	0
11896	0
11900	0
11904	0
11908	0
11912	0
11916	0
11920	0
11924	0
11928	0
11932	0
11936	0
11940	0
11944	0
11948	0
11952	0
11956	0
11960	0
11964	0
11968	0
11972	0
11976	0
11980	0
11984	0
11988	0
11992	0
11996	0
12000	0
12004	0
12008	0
12012	0
12016	0
12020	0
12024	0
12028	0
12032	0
12036	0
12040	0
12044	0
12048	0
12052	0
12056	0
12060	0
12064	0
12068	0
12072	0
12076	0
12080	0
12084	0
12088	0
12092	0
12096	0
12100	0
12104	0
12108	0
12112	0
12116	0
12120	0
12124	0
12128	0
12132	0
12136	0
12140	0
12144	0
12148	0
12152	0
12156	0
12160	0
12164	0
12168	0
12172	0
12176	0
12180	0
12184	0
12188	0
12192	0
12196	0
12200	0
12204	0
12208	0
12212	0
12216	0
12220	0
12224	0
12228	0
12232	0
12236	0
12240	0
12244	0
12248	0
12252	0
12256	0
12260	0
12264	0
12268	0
12272	0
12276	0
12280	0
12284	0
12288	0
12292	0
12296	0
12300	0
12304	0
12308	0
12312	0
12316	0
12320	0
12324	0
12328	0
12332	0
12336	0
12340	0
12344	0
12348	0
12352	0
12356	0
12360	0
12364	0
12368	0
12372	0
12376	0
12380	0
12384	0
12388	0
12392	0
12396	0
12400	0
12404	0
12408	0
12412	0
12416	0
12420	0
12424	0
12428	0
12432	0
12436	0
12440	0
12444	0
12448	0
12452	0
12456	0
12460	0
12464	0
12468	0
12472	0
12476	0
12480	0
12484	0
12488	0
12492	0
12496	0
12500	0
12504	0
12508	0
12512	0
12516	0
12520	0
12524	0
12528	0
12532	0
12536	0
12540	0
12544	0
12548	0
12552	0
12556	0
12560	0
12564	0
12568	0
12572	0
12576	0
12580	0
12584	0
12588	0
12592	0
12596	0
12600	0
12604	0
12608	0
12612	0
12616	0
12620	0
12624	0
12628	0
12632	0
12636	0
12640	0
12644	0
12648	0
12652	0
12656	0
12660	0
12664	0
12668	0
12672	0
12676	0
12680	0
12684	0
12688	0
12692	0
12696	0
12700	0
12704	0
12708	0
12712	0
12716	0
12720	0
12724	0
12728	0
12732	0
12736	0
12740	0
12744	0
12748	0
12752	0
12756	0
12760	0
12764	0
12768	0
12772	0
12776	0
12780	0
12784	0
12788	0
12792	0
12796	0
12800	0
12804	0
12808	0
12812	0
12816	0
12820	0
12824	0
12828	0
12832	0
12836	0
12840	0
12844	0
12848	0
12852	0
12856	0
12860	0
12864	0
12868	0
12872	0
12876	0
12880	0
12884	0
12888	0
12892	0
12896	0
12900	0
12904	0
12908	0
12912	0
12916	0
12920	0
12924	0
12928	0
12932	0
12936	0
12940	0
12944	0
12948	0
12952	0
12956	0
12960	0
12964	0
12968	0
12972	0
12976	0
12980	0
12984	0
12988	0
12992	0
12996	0
13000	0
13004	0
13008	0
13012	0
13016	0
13020	0
13024	0
13028	0
13032	0
13036	0
13040	0
13044	0
13048	0
13052	0
13056	0
13060	0
13064	0
13068	0
13072	0
13076	0
13080	0
13084	0
13088	0
13092	0
13096	0
13100	0
13104	0
13108	0
13112	0
13116	0
13120	0
13124	0
13128	0
13132	0
13136	0
13140	0
13144	0
13148	0
13152	0
13156	0
13160	0
13164	0
13168	0
13172	0
13176	0
13180	0
13184	0
13188	0
13192	0
13196	0
13200	0
13204	0
13208	0
13212	0
13216	0
13220	0
13224	0
13228	0
13232	0
13236	0
13240	0
13244	0
13248	0
13252	0
13256	0
13260	0
13264	0
13268	0
13272	0
13276	0
13280	0
13284	0
13288	0
13292	0
13296	0
13300	0
13304	0
13308	0
13312	0
13316	0
13320	0
13324	0
13328	0
13332	0
13336	0
13340	0
13344	0
13348	0
13352	0
13356	0
13360	0
13364	0
13368	0
13372	0
13376	0
13380	0
13384	0
13388	0
13392	0
13396	0
13400	0
13404	0
13408	0
13412	0
13416	0
13420	0
13424	0
13428	0
13432	0
13436	0
13440	0
13444	0
13448	0
13452	0
13456	0
13460	0
13464	0
13468	0
13472	0
13476	0
13480	0
13484	0
13488	0
13492	0
13496	0
13500	0
13504	0
13508	0
13512	0
13516	0
13520	0
13524	0
13528	0
13532	0
13536	0
13540	0
13544	0
13548	0
13552	0
13556	0
13560	0
13564	0
13568	0
13572	0
13576	0
13580	0
13584	0
13588	0
13592	0
13596	0
13600	0
13604	0
13608	0
13612	0
13616	0
13620	0
13624	0
13628	0
13632	0
13636	0
13640	0
13644	0
13648	0
13652	0
13656	0
13660	0
13664	0
13668	0
13672	0
13676	0
13680	0
13684	0
13688	0
13692	0
13696	0
13700	0
13704	0
13708	0
13712	0
13716	0
13720	0
13724	0
13728	0
13732	0
13736	0
13740	0
13744	0
13748	0
13752	0
13756	0
13760	0
13764	0
13768	0
13772	0
13776	0
13780	0
13784	0
13788	0
13792	0
13796	0
13800	0
13804	0
13808	0
13812	0
13816	0
13820	0
13824	0
13828	0
13832	0
13836	0
13840	0
13844	0
13848	0
13852	0
13856	0
13860	0
13864	0
13868	0
13872	0
13876	0
13880	0
13884	0
13888	0
13892	0
13896	0
13900	0
13904	0
13908	0
13912	0
13916	0
13920	0
13924	0
13928	0
13932	0
13936	0
13940	0
13944	0
13948	0
13952	0
13956	0
13960	0
13964	0
13968	0
13972	0
13976	0
13980	0
13984	0
13988	0
13992	0
13996	0
14000	0
14004	0
14008	0
14012	0
14016	0
14020	0
14024	0
14028	0
14032	0
14036	0
14040	0
14044	0
14048	0
14052	0
14056	0
14060	0
14064	0
14068	0
14072	0
14076	0
14080	0
14084	0
14088	0
14092	0
14096	0
14100	0
14104	0
14108	0
14112	0
14116	0
14120	0
14124	0
14128	0
14132	0
14136	0
14140	0
14144	0
14148	0
14152	0
14156	0
14160	0
14164	0
14168	0
14172	0
14176	0
14180	0
14184	0
14188	0
14192	0
14196	0
14200	0
14204	0
14208	0
14212	0
14216	0
14220	0
14224	0
14228	0
14232	0
14236	0
14240	0
14244	0
14248	0
14252	0
14256	0
14260	0
14264	0
14268	0
14272	0
14276	0
14280	0
14284	0
14288	0
14292	0
14296	0
14300	0
14304	0
14308	0
14312	0
14316	0
14320	0
14324	0
14328	0
14332	0
14336	0
14340	0
14344	0
14348	0
14352	0
14356	0
14360	0
14364	0
14368	0
14372	0
14376	0
14380	0
14384	0
14388	0
14392	0
14396	0
14400	0
14404	0
14408	0
14412	0
14416	0
14420	0
14424	0
14428	0
14432	0
14436	0
14440	0
14444	0
14448	0
14452	0
14456	0
14460	0
14464	0
14468	0
14472	0
14476	0
14480	0
14484	0
14488	0
14492	0
14496	0
14500	0
14504	0
14508	0
14512	0
14516	0
14520	0
14524	0
14528	0
14532	0
14536	0
14540	0
14544	0
14548	0
14552	0
14556	0
14560	0
14564	0
14568	0
14572	0
14576	0
14580	0
14584	0
14588	0
14592	0
14596	0
14600	0
14604	0
14608	0
14612	0
14616	0
14620	0
14624	0
14628	0
14632	0
14636	0
14640	0
14644	0
14648	0
14652	0
14656	0
14660	0
14664	0
14668	0
14672	0
14676	0
14680	0
14684	0
14688	0
14692	0
14696	0
14700	0
14704	0
14708	0
14712	0
14716	0
14720	0
14724	0
14728	0
14732	0
14736	0
14740	0
14744	0
14748	0
14752	0
14756	0
14760	0
14764	0
14768	0
14772	0
14776	0
14780	0
14784	0
14788	0
14792	0
14796	0
14800	0
14804	0
14808	0
14812	0
14816	0
14820	0
14824	0
14828	0
14832	0
14836	0
14840	0
14844	0
14848	0
14852	0
14856	0
14860	0
14864	0
14868	0
14872	0
14876	0
14880	0
14884	0
14888	0
14892	0
14896	0
14900	0
14904	0
14908	0
14912	0
14916	0
14920	0
14924	0
14928	0
14932	0
14936	0
14940	0
14944	0
14948	0
14952	0
14956	0
14960	0
14964	0
14968	0
14972	0
14976	0
14980	0
14984	0
14988	0
14992	0
14996	0
15000	0
15004	0
15008	0
15012	0
15016	0
15020	0
15024	0
15028	0
15032	0
15036	0
15040	0
15044	0
15048	0
15052	0
15056	0
15060	0
15064	0
15068	0
15072	0
15076	0
15080	0
15084	0
15088	0
15092	0
15096	0
15100	0
15104	0
15108	0
15112	0
15116	0
15120	0
15124	0
15128	0
15132	0
15136	0
15140	0
15144	0
15148	0
15152	0
15156	0
15160	0
15164	0
15168	0
15172	0
15176	0
15180	0
15184	0
15188	0
15192	0
15196	0
15200	0
15204	0
15208	0
15212	0
15216	0
15220	0
15224	0
15228	0
15232	0
15236	0
15240	0
15244	0
15248	0
15252	0
15256	0
15260	0
15264	0
15268	0
15272	0
15276	0
15280	0
15284	0
15288	0
15292	0
15296	0
15300	0
15304	0
15308	0
15312	0
15316	0
15320	0
15324	0
15328	0
15332	0
15336	0
15340	0
15344	0
15348	0
15352	0
15356	0
15360	0
15364	0
15368	0
15372	0
15376	0
15380	0
15384	0
15388	0
15392	0
15396	0
15400	0
15404	0
15408	0
15412	0
15416	0
15420	0
15424	0
15428	0
15432	0
15436	0
15440	0
15444	0
15448	0
15452	0
15456	0
15460	0
15464	0
15468	0
15472	0
15476	0
15480	0
15484	0
15488	0
15492	0
15496	0
15500	0
15504	0
15508	0
15512	0
15516	0
15520	0
15524	0
15528	0
15532	0
15536	0
15540	0
15544	0
15548	0
15552	0
15556	0
15560	0
15564	0
15568	0
15572	0
15576	0
15580	0
15584	0
15588	0
15592	0
15596	0
15600	0
15604	0
15608	0
15612	0
15616	0
15620	0
15624	0
15628	0
15632	0
15636	0
15640	0
15644	0
15648	0
15652	0
15656	0
15660	0
15664	0
15668	0
15672	0
15676	0
15680	0
15684	0
15688	0
15692	0
15696	0
15700	0
15704	0
15708	0
15712	0
15716	0
15720	0
15724	0
15728	0
15732	0
15736	0
15740	0
15744	0
15748	0
15752	0
15756	0
15760	0
15764	0
15768	0
15772	0
15776	0
15780	0
15784	0
15788	0
15792	0
15796	0
15800	0
15804	0
15808	0
15812	0
15816	0
15820	0
15824	0
15828	0
15832	0
15836	0
15840	0
15844	0
15848	0
15852	0
15856	0
15860	0
15864	0
15868	0
15872	0
15876	0
15880	0
15884	0
15888	0
15892	0
15896	0
15900	0
15904	0
15908	0
15912	0
15916	0
15920	0
15924	0
15928	0
15932	0
15936	0
15940	0
15944	0
15948	0
15952	0
15956	0
15960	0
15964	0
15968	0
15972	0
15976	0
15980	0
15984	0
15988	0
15992	0
15996	0
16000	0
16004	0
16008	0
16012	0
16016	0
16020	0
16024	0
16028	0
16032	0
16036	0
16040	0
16044	0
16048	0
16052	0
16056	0
16060	0
16064	0
16068	0
16072	0
16076	0
16080	0
16084	0
16088	0
16092	0
16096	0
16100	0
16104	0
16108	0
16112	0
16116	0
16120	0
16124	0
16128	0
16132	0
16136	0
16140	0
16144	0
16148	0
16152	0
16156	0
16160	0
16164	0
16168	0
16172	0
16176	0
16180	0
16184	0
16188	0
16192	0
16196	0
16200	0
16204	0
16208	0
16212	0
16216	0
16220	0
16224	0
16228	0
16232	0
16236	0
16240	0
16244	0
16248	0
16252	0
16256	0
16260	0
16264	0
16268	0
16272	0
16276	0
16280	0
16284	0
16288	0
16292	0
16296	0
16300	0
16304	0
16308	0
16312	0
16316	0
16320	0
16324	0
16328	0
16332	0
16336	0
16340	0
16344	0
16348	0
16352	0
16356	0
16360	0
16364	0
16368	0
16372	0
16376	0
16380	0
16384	0
16388	0
16392	0
16396	0
16400	0
16404	0
16408	0
16412	0
16416	0
16420	0
16424	0
16428	0
16432	0
16436	0
16440	0
16444	0
16448	0
16452	0
16456	0
16460	0
16464	0
16468	0
16472	0
16476	0
16480	0
16484	0
16488	0
16492	0
16496	0
16500	0
16504	0
16508	0
16512	0
16516	0
16520	0
16524	0
16528	0
16532	0
16536	0
16540	0
16544	0
16548	0
16552	0
16556	0
16560	0
16564	0
16568	0
16572	0
16576	0
16580	0
16584	0
16588	0
16592	0
16596	0
16600	0
16604	0
16608	0
16612	0
16616	0
16620	0
16624	0
16628	0
16632	0
16636	0
16640	0
16644	0
16648	0
16652	0
16656	0
16660	0
16664	0
16668	0
16672	0
16676	0
16680	0
16684	0
16688	0
16692	0
16696	0
16700	0
16704	0
16708	0
16712	0
16716	0
16720	0
16724	0
16728	0
16732	0
16736	0
16740	0
16744	0
16748	0
16752	0
16756	0
16760	0
16764	0
16768	0
16772	0
16776	0
16780	0
16784	0
16788	0
16792	0
16796	0
16800	0
16804	0
16808	0
16812	0
16816	0
16820	0
16824	0
16828	0
16832	0
16836	0
16840	0
16844	0
16848	0
16852	0
16856	0
16860	0
16864	0
16868	0
16872	0
16876	0
16880	0
16884	0
16888	0
16892	0
16896	0
16900	0
16904	0
16908	0
16912	0
16916	0
16920	0
16924	0
16928	0
16932	0
16936	0
16940	0
16944	0
16948	0
16952	0
16956	0
16960	0
16964	0
16968	0
16972	0
16976	0
16980	0
16984	0
16988	0
16992	0
16996	0
17000	0
17004	0
17008	0
17012	0
17016	0
17020	0
17024	0
17028	0
17032	0
17036	0
17040	0
17044	0
17048	0
17052	0
17056	0
17060	0
17064	0
17068	0
17072	0
17076	0
17080	0
17084	0
17088	0
17092	0
17096	0
17100	0
17104	0
17108	0
17112	0
17116	0
17120	0
17124	0
17128	0
17132	0
17136	0
17140	0
17144	0
17148	0
17152	0
17156	0
17160	0
17164	0
17168	0
17172	0
17176	0
17180	0
17184	0
17188	0
17192	0
17196	0
17200	0
17204	0
17208	0
17212	0
17216	0
17220	0
17224	0
17228	0
17232	0
17236	0
17240	0
17244	0
17248	0
17252	0
17256	0
17260	0
17264	0
17268	0
17272	0
17276	0
17280	0
17284	0
17288	0
17292	0
17296	0
17300	0
17304	0
17308	0
17312	0
17316	0
17320	0
17324	0
17328	0
17332	0
17336	0
17340	0
17344	0
17348	0
17352	0
17356	0
17360	0
17364	0
17368	0
17372	0
17376	0
17380	0
17384	0
17388	0
17392	0
17396	0
17400	0
17404	0
17408	0
17412	0
17416	0
17420	0
17424	0
17428	0
17432	0
17436	0
17440	0
17444	0
17448	0
17452	0
17456	0
17460	0
17464	0
17468	0
17472	0
17476	0
17480	0
17484	0
17488	0
17492	0
17496	0
17500	0
17504	0
17508	0
17512	0
17516	0
17520	0
17524	0
17528	0
17532	0
17536	0
17540	0
17544	0
17548	0
17552	0
17556	0
17560	0
17564	0
17568	0
17572	0
17576	0
17580	0
17584	0
17588	0
17592	0
17596	0
17600	0
17604	0
17608	0
17612	0
17616	0
17620	0
17624	0
17628	0
17632	0
17636	0
17640	0
17644	0
17648	0
17652	0
17656	0
17660	0
17664	0
17668	0
17672	0
17676	0
17680	0
17684	0
17688	0
17692	0
17696	0
17700	0
17704	0
17708	0
17712	0
17716	0
17720	0
17724	0
17728	0
17732	0
17736	0
17740	0
17744	0
17748	0
17752	0
17756	0
17760	0
17764	0
17768	0
17772	0
17776	0
17780	0
17784	0
17788	0
17792	0
17796	0
17800	0
17804	0
17808	0
17812	0
17816	0
17820	0
17824	0
17828	0
17832	0
17836	0
17840	0
17844	0
17848	0
17852	0
17856	0
17860	0
17864	0
17868	0
17872	0
17876	0
17880	0
17884	0
17888	0
17892	0
17896	0
17900	0
17904	0
17908	0
17912	0
17916	0
17920	0
17924	0
17928	0
17932	0
17936	0
17940	0
17944	0
17948	0
17952	0
17956	0
17960	0
17964	0
17968	0
17972	0
17976	0
17980	0
17984	0
17988	0
17992	0
17996	0
18000	0
18004	0
18008	0
18012	0
18016	0
18020	0
18024	0
18028	0
18032	0
18036	0
18040	0
18044	0
18048	0
18052	0
18056	0
18060	0
18064	0
18068	0
18072	0
18076	0
18080	0
18084	0
18088	0
18092	0
18096	0
18100	0
18104	0
18108	0
18112	0
18116	0
18120	0
18124	0
18128	0
18132	0
18136	0
18140	0
18144	0
18148	0
18152	0
18156	0
18160	0
18164	0
18168	0
18172	0
18176	0
18180	0
18184	0
18188	0
18192	0
18196	0
18200	0
18204	0
18208	0
18212	0
18216	0
18220	0
18224	0
18228	0
18232	0
18236	0
18240	0
18244	0
18248	0
18252	0
18256	0
18260	0
18264	0
18268	0
18272	0
18276	0
18280	0
18284	0
18288	0
18292	0
18296	0
18300	0
18304	0
18308	0
18312	0
18316	0
18320	0
18324	0
18328	0
18332	0
18336	0
18340	0
18344	0
18348	0
18352	0
18356	0
18360	0
18364	0
18368	0
18372	0
18376	0
18380	0
18384	0
18388	0
18392	0
18396	0
18400	0
18404	0
18408	0
18412	0
18416	0
18420	0
18424	0
18428	0
18432	0
18436	0
18440	0
18444	0
18448	0
18452	0
18456	0
18460	0
18464	0
18468	0
18472	0
18476	0
18480	0
18484	0
18488	0
18492	0
18496	0
18500	0
18504	0
18508	0
18512	0
18516	0
18520	0
18524	0
18528	0
18532	0
18536	0
18540	0
18544	0
18548	0
18552	0
18556	0
18560	0
18564	0
18568	0
18572	0
18576	0
18580	0
18584	0
18588	0
18592	0
18596	0
18600	0
18604	0
18608	0
18612	0
18616	0
18620	0
18624	0
18628	0
18632	0
18636	0
18640	0
18644	0
18648	0
18652	0
18656	0
18660	0
18664	0
18668	0
18672	0
18676	0
18680	0
18684	0
18688	0
18692	0
18696	0
18700	0
18704	0
18708	0
18712	0
18716	0
18720	0
18724	0
18728	0
18732	0
18736	0
18740	0
18744	0
18748	0
18752	0
18756	0
18760	0
18764	0
18768	0
18772	0
18776	0
18780	0
18784	0
18788	0
18792	0
18796	0
18800	0
18804	0
18808	0
18812	0
18816	0
18820	0
18824	0
18828	0
18832	0
18836	0
18840	0
18844	0
18848	0
18852	0
18856	0
18860	0
18864	0
18868	0
18872	0
18876	0
18880	0
18884	0
18888	0
18892	0
18896	0
18900	0
18904	0
18908	0
18912	0
18916	0
18920	0
18924	0
18928	0
18932	0
18936	0
18940	0
18944	0
18948	0
18952	0
18956	0
18960	0
18964	0
18968	0
18972	0
18976	0
18980	0
18984	0
18988	0
18992	0
18996	0
19000	0
19004	0
19008	0
19012	0
19016	0
19020	0
19024	0
19028	0
19032	0
19036	0
19040	0
19044	0
19048	0
19052	0
19056	0
19060	0
19064	0
19068	0
19072	0
19076	0
19080	0
19084	0
19088	0
19092	0
19096	0
19100	0
19104	0
19108	0
19112	0
19116	0
19120	0
19124	0
19128	0
19132	0
19136	0
19140	0
19144	0
19148	0
19152	0
19156	0
19160	0
19164	0
19168	0
19172	0
19176	0
19180	0
19184	0
19188	0
19192	0
19196	0
19200	0
19204	0
19208	0
19212	0
19216	0
19220	0
19224	0
19228	0
19232	0
19236	0
19240	0
19244	0
19248	0
19252	0
19256	0
19260	0
19264	0
19268	0
19272	0
19276	0
19280	0
19284	0
19288	0
19292	0
19296	0
19300	0
19304	0
19308	0
19312	0
19316	0
19320	0
19324	0
19328	0
19332	0
19336	0
19340	0
19344	0
19348	0
19352	0
19356	0
19360	0
19364	0
19368	0
19372	0
19376	0
19380	0
19384	0
19388	0
19392	0
19396	0
19400	0
19404	0
19408	0
19412	0
19416	0
19420	0
19424	0
19428	0
19432	0
19436	0
19440	0
19444	0
19448	0
19452	0
19456	0
19460	0
19464	0
19468	0
19472	0
19476	0
19480	0
19484	0
19488	0
19492	0
19496	0
19500	0
19504	0
19508	0
19512	0
19516	0
19520	0
19524	0
19528	0
19532	0
19536	0
19540	0
19544	0
19548	0
19552	0
19556	0
19560	0
19564	0
19568	0
19572	0
19576	0
19580	0
19584	0
19588	0
19592	0
19596	0
19600	0
19604	0
19608	0
19612	0
19616	0
19620	0
19624	0
19628	0
19632	0
19636	0
19640	0
19644	0
19648	0
19652	0
19656	0
19660	0
19664	0
19668	0
19672	0
19676	0
19680	0
19684	0
19688	0
19692	0
19696	0
19700	0
19704	0
19708	0
19712	0
19716	0
19720	0
19724	0
19728	0
19732	0
19736	0
19740	0
19744	0
19748	0
19752	0
19756	0
19760	0
19764	0
19768	0
19772	0
19776	0
19780	0
19784	0
19788	0
19792	0
19796	0
19800	0
19804	0
19808	0
19812	0
19816	0
19820	0
19824	0
19828	0
19832	0
19836	0
19840	0
19844	0
19848	0
19852	0
19856	0
19860	0
19864	0
19868	0
19872	0
19876	0
19880	0
19884	0
19888	0
19892	0
19896	0
19900	0
19904	0
19908	0
19912	0
19916	0
19920	0
19924	0
19928	0
19932	0
19936	0
19940	0
19944	0
19948	0
19952	0
19956	0
19960	0
19964	0
19968	0
19972	0
19976	0
19980	0
19984	0
19988	0
19992	0
19996	0
